3 -1 1 2 3
1 1
1 1.016300 -0.491400 0.000000
1 1 1 3
2 57 0.000000 0.000000 0.033144 0.059393 0.092781 0.109526 0.128648 0.146793 0.158651 0.164884 0.173061 0.184735 0.200103 0.214826 0.224696 0.229607 0.237252 0.253108 0.272342 0.292687 0.319135 0.348997 0.377645 0.400761 0.415776 0.427856 0.439779 0.452097 0.467125 0.487543 0.509487 0.539969 0.573777 0.596067 0.626025 0.647422 0.657511 0.669894 0.684645 0.696788 0.702402 0.706441 0.713896 0.716922 0.719233 0.724676 0.731386 0.736729 0.740661 0.744771 0.750599 0.756835 0.763214 0.767358 0.771473 0.779391 0.814949 1.000000 1.000000 1.016300 -0.491400 1.015900 -0.726300 1.012700 -0.912300 1.008900 -1.148900 1.037800 -1.264000 1.146900 -1.344400 1.272800 -1.370600 1.356300 -1.361100 1.372500 -1.320000 1.389500 -1.264600 1.470300 -1.246800 1.579200 -1.248900 1.683500 -1.251900 1.753100 -1.244900 1.770400 -1.214700 1.801600 -1.170400 1.897300 -1.111500 2.017500 -1.047200 2.128100 -0.954700 2.214200 -0.788200 2.291300 -0.591100 2.351500 -0.397200 2.368000 -0.234200 2.366600 -0.127800 2.365100 -0.042200 2.365100 0.042300 2.365900 0.129600 2.367200 0.236100 2.359500 0.380600 2.320300 0.531100 2.244500 0.733400 2.148200 0.952800 2.023900 1.050300 1.813100 1.075600 1.661500 1.079500 1.593500 1.101600 1.526600 1.158400 1.447800 1.227100 1.386100 1.287100 1.370500 1.323700 1.351600 1.345200 1.298900 1.349000 1.278500 1.342400 1.275500 1.326300 1.263000 1.289800 1.242900 1.246700 1.222500 1.214800 1.202400 1.195500 1.176800 1.181600 1.137100 1.170200 1.093200 1.165100 1.048000 1.164300 1.019600 1.156800 1.013900 1.128200 1.015300 1.072100 1.016000 0.820100 1.016300 -0.491400 
2 1
2 0.995900 -0.726111 0.000000
2 2 2 3
2 57 0.000000 0.000000 0.025740 0.058874 0.076666 0.097032 0.115889 0.129635 0.137524 0.144041 0.153553 0.168294 0.182909 0.194199 0.200314 0.207118 0.222026 0.241104 0.261912 0.288569 0.318121 0.346612 0.369735 0.384634 0.396471 0.408135 0.420207 0.435042 0.455451 0.477410 0.507545 0.541496 0.564842 0.595147 0.615874 0.624826 0.636413 0.650796 0.662082 0.667480 0.673023 0.682013 0.687170 0.690884 0.695877 0.702131 0.706861 0.710017 0.713376 0.718565 0.724321 0.730780 0.736911 0.742985 0.751034 0.785895 0.967497 1.000000 1.000000 0.995900 -0.726111 0.992703 -0.911967 0.988860 -1.151214 1.020152 -1.275838 1.138550 -1.363091 1.271870 -1.390835 1.370500 -1.379613 1.391392 -1.326611 1.405197 -1.281622 1.472286 -1.266842 1.578720 -1.268894 1.684216 -1.271929 1.765340 -1.263770 1.787290 -1.225452 1.815584 -1.185278 1.907268 -1.128850 2.028751 -1.063863 2.144017 -0.967460 2.232445 -0.796459 2.310188 -0.597717 2.371196 -0.401212 2.388013 -0.235078 2.386598 -0.127493 2.385100 -0.042025 2.385100 0.042208 2.385899 0.129386 2.387207 0.236510 2.379364 0.383684 2.339393 0.537145 2.263035 0.740934 2.164495 0.965437 2.031840 1.069491 1.814552 1.095569 1.664919 1.099419 1.603436 1.119401 1.539644 1.173561 1.461353 1.241818 1.402923 1.298638 1.387640 1.334494 1.361211 1.364559 1.296451 1.369228 1.261019 1.357765 1.256106 1.331399 1.244424 1.297288 1.225335 1.256356 1.206932 1.227579 1.190490 1.211791 1.169178 1.200220 1.133160 1.189877 1.091866 1.185080 1.045230 1.184254 1.002425 1.172950 0.993851 1.129926 0.995301 1.071823 0.996000 0.820070 0.996300 -0.491385 0.995900 -0.726111 
3 1
3 3.200000 0.000000 0.000000
3 3 3 3
4 22 0.000000 0.000000 0.000000 0.000000 0.052632 0.105263 0.157895 0.210526 0.263158 0.315789 0.368421 0.421053 0.473684 0.526316 0.578947 0.631579 0.684211 0.736842 0.789474 0.842105 0.894737 0.947368 1.000000 1.000000 1.000000 1.000000 3.200000 0.000000 3.200000 0.275560 3.097094 0.826679 2.684872 1.563775 2.138273 2.131411 1.590121 2.468076 1.131248 2.537287 0.796204 2.331543 0.578318 1.873140 0.453350 1.211754 0.397641 0.419055 0.397641 -0.419055 0.453350 -1.211754 0.578318 -1.873140 0.796204 -2.331543 1.131248 -2.537287 1.590121 -2.468076 2.138273 -2.131411 2.684872 -1.563775 3.097094 -0.826679 3.200000 -0.275560 3.200000 -0.000000 
3
1 1 1 
2 2 1 2 
3 2 2 3 
