   1.01630  -0.49140   0.00000   0.00000   0.00000**********   0.00000
   0.99590  -0.72611   0.00000   0.00000   0.00000**********   0.00000
   3.20000   0.00000   0.00000   0.00000   0.00000**********   0.00000
   1.87896  -1.12279   0.00000   0.00000   0.00000**********   0.00000
   2.33993   0.45575   0.00000   0.00000   0.00000**********   0.00000
   1.15045   1.17403   0.00000   0.00000   0.00000**********   0.00000
   1.01590  -0.72645   0.00000   0.00000   0.00000**********   0.00000
   1.01610  -0.60893   0.00000   0.00000   0.00000**********   0.00000
   1.01623  -0.53061   0.00000   0.00000   0.00000**********   0.00000
   1.01617  -0.56977   0.00000   0.00000   0.00000**********   0.00000
   1.01603  -0.64814   0.00000   0.00000   0.00000**********   0.00000
   1.01597  -0.68730   0.00000   0.00000   0.00000**********   0.00000
   1.23165  -1.36204   0.00000   0.00000   0.00000**********   0.00000
   1.00990  -1.08639   0.00000   0.00000   0.00000**********   0.00000
   1.01315  -0.88643   0.00000   0.00000   0.00000**********   0.00000
   1.01452  -0.80645   0.00000   0.00000   0.00000**********   0.00000
   1.01521  -0.76645   0.00000   0.00000   0.00000**********   0.00000
   1.01383  -0.84645   0.00000   0.00000   0.00000**********   0.00000
   1.01183  -0.96641   0.00000   0.00000   0.00000**********   0.00000
   1.01247  -0.92643   0.00000   0.00000   0.00000**********   0.00000
   1.01119  -1.00640   0.00000   0.00000   0.00000**********   0.00000
   1.01055  -1.04639   0.00000   0.00000   0.00000**********   0.00000
   1.05521  -1.27683   0.00000   0.00000   0.00000**********   0.00000
   1.01323  -1.16616   0.00000   0.00000   0.00000**********   0.00000
   1.00926  -1.12636   0.00000   0.00000   0.00000**********   0.00000
   1.02297  -1.20494   0.00000   0.00000   0.00000**********   0.00000
   1.03271  -1.24372   0.00000   0.00000   0.00000**********   0.00000
   1.11959  -1.32428   0.00000   0.00000   0.00000**********   0.00000
   1.08741  -1.30056   0.00000   0.00000   0.00000**********   0.00000
   1.15332  -1.34574   0.00000   0.00000   0.00000**********   0.00000
   1.19246  -1.35388   0.00000   0.00000   0.00000**********   0.00000
   1.52878  -1.24793   0.00000   0.00000   0.00000**********   0.00000
   1.36984  -1.32676   0.00000   0.00000   0.00000**********   0.00000
   1.31066  -1.36629   0.00000   0.00000   0.00000**********   0.00000
   1.27084  -1.37019   0.00000   0.00000   0.00000**********   0.00000
   1.41005  -1.26007   0.00000   0.00000   0.00000**********   0.00000
   1.38210  -1.28871   0.00000   0.00000   0.00000**********   0.00000
   1.44913  -1.25146   0.00000   0.00000   0.00000**********   0.00000
   1.48888  -1.24716   0.00000   0.00000   0.00000**********   0.00000
   1.72832  -1.24739   0.00000   0.00000   0.00000**********   0.00000
   1.60868  -1.24975   0.00000   0.00000   0.00000**********   0.00000
   1.56877  -1.24870   0.00000   0.00000   0.00000**********   0.00000
   1.64858  -1.25090   0.00000   0.00000   0.00000**********   0.00000
   1.68855  -1.25139   0.00000   0.00000   0.00000**********   0.00000
   1.78457  -1.19458   0.00000   0.00000   0.00000**********   0.00000
   1.76280  -1.22797   0.00000   0.00000   0.00000**********   0.00000
   1.81098  -1.16463   0.00000   0.00000   0.00000**********   0.00000
   1.84501  -1.14368   0.00000   0.00000   0.00000**********   0.00000
   2.34443  -0.41998   0.00000   0.00000   0.00000**********   0.00000
   2.19162  -0.83187   0.00000   0.00000   0.00000**********   0.00000
   2.04945  -1.02048   0.00000   0.00000   0.00000**********   0.00000
   1.94860  -1.08406   0.00000   0.00000   0.00000**********   0.00000
   1.91342  -1.10288   0.00000   0.00000   0.00000**********   0.00000
   1.98378  -1.06524   0.00000   0.00000   0.00000**********   0.00000
   2.01880  -1.04612   0.00000   0.00000   0.00000**********   0.00000
   2.13650  -0.93845   0.00000   0.00000   0.00000**********   0.00000
   2.08012  -0.99483   0.00000   0.00000   0.00000**********   0.00000
   2.11082  -0.96915   0.00000   0.00000   0.00000**********   0.00000
   2.15488  -0.90291   0.00000   0.00000   0.00000**********   0.00000
   2.17326  -0.86736   0.00000   0.00000   0.00000**********   0.00000
   2.26916  -0.64771   0.00000   0.00000   0.00000**********   0.00000
   2.22544  -0.75946   0.00000   0.00000   0.00000**********   0.00000
   2.20999  -0.79635   0.00000   0.00000   0.00000**********   0.00000
   2.24002  -0.72220   0.00000   0.00000   0.00000**********   0.00000
   2.25459  -0.68495   0.00000   0.00000   0.00000**********   0.00000
   2.30884  -0.53459   0.00000   0.00000   0.00000**********   0.00000
   2.28372  -0.61049   0.00000   0.00000   0.00000**********   0.00000
   2.29699  -0.57279   0.00000   0.00000   0.00000**********   0.00000
   2.32071  -0.49637   0.00000   0.00000   0.00000**********   0.00000
   2.33256  -0.45820   0.00000   0.00000   0.00000**********   0.00000
   2.36510   0.01838   0.00000   0.00000   0.00000**********   0.00000
   2.36784  -0.22171   0.00000   0.00000   0.00000**********   0.00000
   2.35717  -0.34118   0.00000   0.00000   0.00000**********   0.00000
   2.35314  -0.38095   0.00000   0.00000   0.00000**********   0.00000
   2.36120  -0.30142   0.00000   0.00000   0.00000**********   0.00000
   2.36522  -0.26163   0.00000   0.00000   0.00000**********   0.00000
   2.36614  -0.10164   0.00000   0.00000   0.00000**********   0.00000
   2.36731  -0.18170   0.00000   0.00000   0.00000**********   0.00000
   2.36678  -0.14167   0.00000   0.00000   0.00000**********   0.00000
   2.36544  -0.06165   0.00000   0.00000   0.00000**********   0.00000
   2.36510  -0.02165   0.00000   0.00000   0.00000**********   0.00000
   2.36698   0.21841   0.00000   0.00000   0.00000**********   0.00000
   2.36561   0.09841   0.00000   0.00000   0.00000**********   0.00000
   2.36525   0.05838   0.00000   0.00000   0.00000**********   0.00000
   2.36601   0.13843   0.00000   0.00000   0.00000**********   0.00000
   2.36650   0.17843   0.00000   0.00000   0.00000**********   0.00000
   2.36175   0.33830   0.00000   0.00000   0.00000**********   0.00000
   2.36601   0.25841   0.00000   0.00000   0.00000**********   0.00000
   2.36388   0.29834   0.00000   0.00000   0.00000**********   0.00000
   2.35963   0.37824   0.00000   0.00000   0.00000**********   0.00000
   2.35001   0.41703   0.00000   0.00000   0.00000**********   0.00000
   1.83452   1.07303   0.00000   0.00000   0.00000**********   0.00000
   2.18574   0.86727   0.00000   0.00000   0.00000**********   0.00000
   2.27742   0.64555   0.00000   0.00000   0.00000**********   0.00000
   2.31954   0.53313   0.00000   0.00000   0.00000**********   0.00000
   2.32984   0.49449   0.00000   0.00000   0.00000**********   0.00000
   2.30550   0.57060   0.00000   0.00000   0.00000**********   0.00000
   2.29145   0.60810   0.00000   0.00000   0.00000**********   0.00000
   2.23397   0.75738   0.00000   0.00000   0.00000**********   0.00000
   2.26339   0.68299   0.00000   0.00000   0.00000**********   0.00000
   2.24935   0.72046   0.00000   0.00000   0.00000**********   0.00000
   2.21791   0.79397   0.00000   0.00000   0.00000**********   0.00000
   2.20183   0.83062   0.00000   0.00000   0.00000**********   0.00000
   2.06349   1.01924   0.00000   0.00000   0.00000**********   0.00000
   2.15359   0.94053   0.00000   0.00000   0.00000**********   0.00000
   2.16967   0.90387   0.00000   0.00000   0.00000**********   0.00000
   2.12642   0.96988   0.00000   0.00000   0.00000**********   0.00000
   2.09496   0.99456   0.00000   0.00000   0.00000**********   0.00000
   1.95364   1.05873   0.00000   0.00000   0.00000**********   0.00000
   2.03203   1.04392   0.00000   0.00000   0.00000**********   0.00000
   1.99335   1.05397   0.00000   0.00000   0.00000**********   0.00000
   1.91394   1.06350   0.00000   0.00000   0.00000**********   0.00000
   1.87425   1.06826   0.00000   0.00000   0.00000**********   0.00000
   1.44521   1.22962   0.00000   0.00000   0.00000**********   0.00000
   1.63564   1.08791   0.00000   0.00000   0.00000**********   0.00000
   1.75465   1.07710   0.00000   0.00000   0.00000**********   0.00000
   1.79463   1.07608   0.00000   0.00000   0.00000**********   0.00000
   1.71466   1.07813   0.00000   0.00000   0.00000**********   0.00000
   1.67468   1.07916   0.00000   0.00000   0.00000**********   0.00000
   1.53562   1.15074   0.00000   0.00000   0.00000**********   0.00000
   1.59761   1.10027   0.00000   0.00000   0.00000**********   0.00000
   1.56609   1.12487   0.00000   0.00000   0.00000**********   0.00000
   1.50536   1.17692   0.00000   0.00000   0.00000**********   0.00000
   1.47521   1.20321   0.00000   0.00000   0.00000**********   0.00000
   1.29962   1.34895   0.00000   0.00000   0.00000**********   0.00000
   1.39068   1.28265   0.00000   0.00000   0.00000**********   0.00000
   1.41653   1.25751   0.00000   0.00000   0.00000**********   0.00000
   1.37131   1.32179   0.00000   0.00000   0.00000**********   0.00000
   1.33951   1.34607   0.00000   0.00000   0.00000**********   0.00000
   1.24206   1.24538   0.00000   0.00000   0.00000**********   0.00000
   1.27303   1.31908   0.00000   0.00000   0.00000**********   0.00000
   1.25917   1.28158   0.00000   0.00000   0.00000**********   0.00000
   1.21976   1.21217   0.00000   0.00000   0.00000**********   0.00000
   1.18808   1.18772   0.00000   0.00000   0.00000**********   0.00000
   1.01610   0.40463   0.00000   0.00000   0.00000**********   0.00000
   1.01593   0.84449   0.00000   0.00000   0.00000**********   0.00000
   1.01500   1.08396   0.00000   0.00000   0.00000**********   0.00000
   1.07111   1.16471   0.00000   0.00000   0.00000**********   0.00000
   1.11105   1.16717   0.00000   0.00000   0.00000**********   0.00000
   1.01401   1.12395   0.00000   0.00000   0.00000**********   0.00000
   1.01560   0.96408   0.00000   0.00000   0.00000**********   0.00000
   1.01538   1.04397   0.00000   0.00000   0.00000**********   0.00000
   1.01549   1.00397   0.00000   0.00000   0.00000**********   0.00000
   1.01571   0.92428   0.00000   0.00000   0.00000**********   0.00000
   1.01582   0.88438   0.00000   0.00000   0.00000**********   0.00000
   1.01604   0.64465   0.00000   0.00000   0.00000**********   0.00000
   1.01601   0.76459   0.00000   0.00000   0.00000**********   0.00000
   1.01600   0.80457   0.00000   0.00000   0.00000**********   0.00000
   1.01602   0.72460   0.00000   0.00000   0.00000**********   0.00000
   1.01603   0.68459   0.00000   0.00000   0.00000**********   0.00000
   1.01607   0.52457   0.00000   0.00000   0.00000**********   0.00000
   1.01605   0.60464   0.00000   0.00000   0.00000**********   0.00000
   1.01606   0.56461   0.00000   0.00000   0.00000**********   0.00000
   1.01608   0.48457   0.00000   0.00000   0.00000**********   0.00000
   1.01609   0.44461   0.00000   0.00000   0.00000**********   0.00000
   1.01620  -0.03511   0.00000   0.00000   0.00000**********   0.00000
   1.01614   0.20461   0.00000   0.00000   0.00000**********   0.00000
   1.01611   0.32461   0.00000   0.00000   0.00000**********   0.00000
   1.01610   0.36460   0.00000   0.00000   0.00000**********   0.00000
   1.01612   0.28460   0.00000   0.00000   0.00000**********   0.00000
   1.01613   0.24460   0.00000   0.00000   0.00000**********   0.00000
   1.01617   0.08476   0.00000   0.00000   0.00000**********   0.00000
   1.01615   0.16465   0.00000   0.00000   0.00000**********   0.00000
   1.01616   0.12469   0.00000   0.00000   0.00000**********   0.00000
   1.01618   0.04475   0.00000   0.00000   0.00000**********   0.00000
   1.01619   0.00477   0.00000   0.00000   0.00000**********   0.00000
   1.01624  -0.23333   0.00000   0.00000   0.00000**********   0.00000
   1.01621  -0.11478   0.00000   0.00000   0.00000**********   0.00000
   1.01620  -0.07499   0.00000   0.00000   0.00000**********   0.00000
   1.01622  -0.15447   0.00000   0.00000   0.00000**********   0.00000
   1.01623  -0.19398   0.00000   0.00000   0.00000**********   0.00000
   1.01627  -0.34810   0.00000   0.00000   0.00000**********   0.00000
   1.01625  -0.27218   0.00000   0.00000   0.00000**********   0.00000
   1.01626  -0.31066   0.00000   0.00000   0.00000**********   0.00000
   1.01628  -0.38482   0.00000   0.00000   0.00000**********   0.00000
   1.01628  -0.42096   0.00000   0.00000   0.00000**********   0.00000
   1.01629  -0.45623   0.00000   0.00000   0.00000**********   0.00000
   1.35852  -1.35546   0.00000   0.00000   0.00000**********   0.00000
   2.32453   0.51485   0.00000   0.00000   0.00000**********   0.00000
   2.24224   0.73856   0.00000   0.00000   0.00000**********   0.00000
   1.04861   1.16431   0.00000   0.00000   0.00000**********   0.00000
   1.01902   1.15388   0.00000   0.00000   0.00000**********   0.00000
   1.00894  -1.14648   0.00000   0.00000   0.00000**********   0.00000
   1.03813  -1.26425   0.00000   0.00000   0.00000**********   0.00000
   1.38870  -1.26720   0.00000   0.00000   0.00000**********   0.00000
   1.46879  -1.24713   0.00000   0.00000   0.00000**********   0.00000
   1.74982  -1.24523   0.00000   0.00000   0.00000**********   0.00000
   1.79614  -1.17815   0.00000   0.00000   0.00000**********   0.00000
   2.12644  -0.95609   0.00000   0.00000   0.00000**********   0.00000
   1.65474   1.08170   0.00000   0.00000   0.00000**********   0.00000
   1.37990   1.30166   0.00000   0.00000   0.00000**********   0.00000
   1.27828   1.34122   0.00000   0.00000   0.00000**********   0.00000
   1.20524   1.19823   0.00000   0.00000   0.00000**********   0.00000
   1.16974   1.17957   0.00000   0.00000   0.00000**********   0.00000
   1.33488  -1.36354   0.00000   0.00000   0.00000**********   0.00000
   2.06228  -1.03582   0.00000   0.00000   0.00000**********   0.00000
   2.29615   0.65256   0.00000   0.00000   0.00000**********   0.00000
   0.99501   1.08346   0.00000   0.00000   0.00000**********   0.00000
   0.99630  -0.49139   0.00000   0.00000   0.00000**********   0.00000
   1.22757  -1.38162   0.00000   0.00000   0.00000**********   0.00000
   0.98991  -1.08607   0.00000   0.00000   0.00000**********   0.00000
   0.99055  -1.04606   0.00000   0.00000   0.00000**********   0.00000
   1.04335  -1.29293   0.00000   0.00000   0.00000**********   0.00000
   0.99384  -1.17104   0.00000   0.00000   0.00000**********   0.00000
   0.98926  -1.12604   0.00000   0.00000   0.00000**********   0.00000
   1.00357  -1.20981   0.00000   0.00000   0.00000**********   0.00000
   1.01331  -1.24859   0.00000   0.00000   0.00000**********   0.00000
   1.10773  -1.34038   0.00000   0.00000   0.00000**********   0.00000
   1.07555  -1.31666   0.00000   0.00000   0.00000**********   0.00000
   1.14924  -1.36532   0.00000   0.00000   0.00000**********   0.00000
   1.18839  -1.37346   0.00000   0.00000   0.00000**********   0.00000
   1.26676  -1.38977   0.00000   0.00000   0.00000**********   0.00000
   2.20938  -0.84105   0.00000   0.00000   0.00000**********   0.00000
   2.15427  -0.94763   0.00000   0.00000   0.00000**********   0.00000
   2.09295  -1.01017   0.00000   0.00000   0.00000**********   0.00000
   2.12366  -0.98449   0.00000   0.00000   0.00000**********   0.00000
   2.17265  -0.91209   0.00000   0.00000   0.00000**********   0.00000
   2.19103  -0.87655   0.00000   0.00000   0.00000**********   0.00000
   2.24407  -0.76675   0.00000   0.00000   0.00000**********   0.00000
   2.22775  -0.80553   0.00000   0.00000   0.00000**********   0.00000
   1.88944  -1.13982   0.00000   0.00000   0.00000**********   0.00000
   2.35928   0.46079   0.00000   0.00000   0.00000**********   0.00000
   1.14493   1.19326   0.00000   0.00000   0.00000**********   0.00000
   0.99610  -0.60889   0.00000   0.00000   0.00000**********   0.00000
   0.99623  -0.53058   0.00000   0.00000   0.00000**********   0.00000
   0.99617  -0.56974   0.00000   0.00000   0.00000**********   0.00000
   0.99603  -0.64811   0.00000   0.00000   0.00000**********   0.00000
   0.99597  -0.68727   0.00000   0.00000   0.00000**********   0.00000
   0.99315  -0.88608   0.00000   0.00000   0.00000**********   0.00000
   0.99452  -0.80611   0.00000   0.00000   0.00000**********   0.00000
   0.99521  -0.76611   0.00000   0.00000   0.00000**********   0.00000
   0.99384  -0.84611   0.00000   0.00000   0.00000**********   0.00000
   0.99183  -0.96609   0.00000   0.00000   0.00000**********   0.00000
   0.99248  -0.92611   0.00000   0.00000   0.00000**********   0.00000
   0.99119  -1.00608   0.00000   0.00000   0.00000**********   0.00000
   1.52840  -1.26792   0.00000   0.00000   0.00000**********   0.00000
   1.38844  -1.33409   0.00000   0.00000   0.00000**********   0.00000
   1.31292  -1.38616   0.00000   0.00000   0.00000**********   0.00000
   1.35270  -1.38164   0.00000   0.00000   0.00000**********   0.00000
   1.41435  -1.27961   0.00000   0.00000   0.00000**********   0.00000
   1.40122  -1.29458   0.00000   0.00000   0.00000**********   0.00000
   1.45343  -1.27100   0.00000   0.00000   0.00000**********   0.00000
   1.48850  -1.26715   0.00000   0.00000   0.00000**********   0.00000
   1.73032  -1.26729   0.00000   0.00000   0.00000**********   0.00000
   1.60811  -1.26974   0.00000   0.00000   0.00000**********   0.00000
   1.56838  -1.26870   0.00000   0.00000   0.00000**********   0.00000
   1.64801  -1.27089   0.00000   0.00000   0.00000**********   0.00000
   1.69055  -1.27129   0.00000   0.00000   0.00000**********   0.00000
   1.80092  -1.20609   0.00000   0.00000   0.00000**********   0.00000
   1.78015  -1.23791   0.00000   0.00000   0.00000**********   0.00000
   1.82146  -1.18166   0.00000   0.00000   0.00000**********   0.00000
   1.85549  -1.16071   0.00000   0.00000   0.00000**********   0.00000
   2.36353  -0.42591   0.00000   0.00000   0.00000**********   0.00000
   1.95803  -1.10170   0.00000   0.00000   0.00000**********   0.00000
   1.92286  -1.12051   0.00000   0.00000   0.00000**********   0.00000
   1.99321  -1.08288   0.00000   0.00000   0.00000**********   0.00000
   2.03163  -1.06146   0.00000   0.00000   0.00000**********   0.00000
   2.28778  -0.65500   0.00000   0.00000   0.00000**********   0.00000
   2.25864  -0.72948   0.00000   0.00000   0.00000**********   0.00000
   2.27321  -0.69224   0.00000   0.00000   0.00000**********   0.00000
   2.32795  -0.54052   0.00000   0.00000   0.00000**********   0.00000
   2.30234  -0.61777   0.00000   0.00000   0.00000**********   0.00000
   2.31609  -0.57872   0.00000   0.00000   0.00000**********   0.00000
   2.33981  -0.50230   0.00000   0.00000   0.00000**********   0.00000
   2.35166  -0.46413   0.00000   0.00000   0.00000**********   0.00000
   2.38510   0.01838   0.00000   0.00000   0.00000**********   0.00000
   2.38783  -0.22145   0.00000   0.00000   0.00000**********   0.00000
   2.37707  -0.34319   0.00000   0.00000   0.00000**********   0.00000
   2.37304  -0.38296   0.00000   0.00000   0.00000**********   0.00000
   2.38109  -0.30343   0.00000   0.00000   0.00000**********   0.00000
   2.38512  -0.26365   0.00000   0.00000   0.00000**********   0.00000
   2.38614  -0.10129   0.00000   0.00000   0.00000**********   0.00000
   2.38731  -0.18144   0.00000   0.00000   0.00000**********   0.00000
   2.38678  -0.14141   0.00000   0.00000   0.00000**********   0.00000
   2.38544  -0.06130   0.00000   0.00000   0.00000**********   0.00000
   2.38510  -0.02165   0.00000   0.00000   0.00000**********   0.00000
   2.38698   0.21817   0.00000   0.00000   0.00000**********   0.00000
   2.38561   0.09823   0.00000   0.00000   0.00000**********   0.00000
   2.38525   0.05820   0.00000   0.00000   0.00000**********   0.00000
   2.38601   0.13819   0.00000   0.00000   0.00000**********   0.00000
   2.38649   0.17819   0.00000   0.00000   0.00000**********   0.00000
   2.38173   0.33936   0.00000   0.00000   0.00000**********   0.00000
   2.38598   0.25947   0.00000   0.00000   0.00000**********   0.00000
   2.38386   0.29940   0.00000   0.00000   0.00000**********   0.00000
   2.37960   0.37930   0.00000   0.00000   0.00000**********   0.00000
   2.36936   0.42207   0.00000   0.00000   0.00000**********   0.00000
   1.83691   1.09289   0.00000   0.00000   0.00000**********   0.00000
   2.20406   0.87530   0.00000   0.00000   0.00000**********   0.00000
   2.33827   0.54015   0.00000   0.00000   0.00000**********   0.00000
   2.34919   0.49953   0.00000   0.00000   0.00000**********   0.00000
   2.32423   0.57762   0.00000   0.00000   0.00000**********   0.00000
   2.31018   0.61511   0.00000   0.00000   0.00000**********   0.00000
   2.25229   0.76542   0.00000   0.00000   0.00000**********   0.00000
   2.28212   0.69000   0.00000   0.00000   0.00000**********   0.00000
   2.26808   0.72748   0.00000   0.00000   0.00000**********   0.00000
   2.23623   0.80201   0.00000   0.00000   0.00000**********   0.00000
   2.22014   0.83866   0.00000   0.00000   0.00000**********   0.00000
   2.07584   1.03498   0.00000   0.00000   0.00000**********   0.00000
   2.17190   0.94856   0.00000   0.00000   0.00000**********   0.00000
   2.18799   0.91191   0.00000   0.00000   0.00000**********   0.00000
   2.13877   0.98562   0.00000   0.00000   0.00000**********   0.00000
   2.10730   1.01030   0.00000   0.00000   0.00000**********   0.00000
   1.95603   1.07859   0.00000   0.00000   0.00000**********   0.00000
   2.04438   1.05966   0.00000   0.00000   0.00000**********   0.00000
   1.99573   1.07382   0.00000   0.00000   0.00000**********   0.00000
   1.91632   1.08335   0.00000   0.00000   0.00000**********   0.00000
   1.87663   1.08812   0.00000   0.00000   0.00000**********   0.00000
   1.45915   1.24396   0.00000   0.00000   0.00000**********   0.00000
   1.64182   1.10693   0.00000   0.00000   0.00000**********   0.00000
   1.75517   1.09710   0.00000   0.00000   0.00000**********   0.00000
   1.79514   1.09607   0.00000   0.00000   0.00000**********   0.00000
   1.71518   1.09813   0.00000   0.00000   0.00000**********   0.00000
   1.67520   1.09915   0.00000   0.00000   0.00000**********   0.00000
   1.54857   1.16598   0.00000   0.00000   0.00000**********   0.00000
   1.60379   1.11929   0.00000   0.00000   0.00000**********   0.00000
   1.57904   1.14012   0.00000   0.00000   0.00000**********   0.00000
   1.51851   1.19199   0.00000   0.00000   0.00000**********   0.00000
   1.48835   1.21828   0.00000   0.00000   0.00000**********   0.00000
   1.30106   1.36890   0.00000   0.00000   0.00000**********   0.00000
   1.43048   1.27184   0.00000   0.00000   0.00000**********   0.00000
   1.38971   1.32963   0.00000   0.00000   0.00000**********   0.00000
   1.34095   1.36602   0.00000   0.00000   0.00000**********   0.00000
   1.22521   1.25616   0.00000   0.00000   0.00000**********   0.00000
   1.25411   1.32556   0.00000   0.00000   0.00000**********   0.00000
   1.24104   1.29003   0.00000   0.00000   0.00000**********   0.00000
   1.20591   1.22660   0.00000   0.00000   0.00000**********   0.00000
   1.17853   1.20530   0.00000   0.00000   0.00000**********   0.00000
   0.99610   0.40463   0.00000   0.00000   0.00000**********   0.00000
   0.99593   0.84443   0.00000   0.00000   0.00000**********   0.00000
   1.07076   1.18471   0.00000   0.00000   0.00000**********   0.00000
   1.10874   1.18704   0.00000   0.00000   0.00000**********   0.00000
   1.02629   1.17925   0.00000   0.00000   0.00000**********   0.00000
   0.99401   1.12345   0.00000   0.00000   0.00000**********   0.00000
   0.99560   0.96402   0.00000   0.00000   0.00000**********   0.00000
   0.99538   1.04391   0.00000   0.00000   0.00000**********   0.00000
   0.99549   1.00392   0.00000   0.00000   0.00000**********   0.00000
   0.99571   0.92422   0.00000   0.00000   0.00000**********   0.00000
   0.99582   0.88433   0.00000   0.00000   0.00000**********   0.00000
   0.99604   0.64465   0.00000   0.00000   0.00000**********   0.00000
   0.99601   0.76459   0.00000   0.00000   0.00000**********   0.00000
   0.99600   0.80457   0.00000   0.00000   0.00000**********   0.00000
   0.99602   0.72460   0.00000   0.00000   0.00000**********   0.00000
   0.99603   0.68458   0.00000   0.00000   0.00000**********   0.00000
   0.99607   0.52457   0.00000   0.00000   0.00000**********   0.00000
   0.99605   0.60464   0.00000   0.00000   0.00000**********   0.00000
   0.99606   0.56460   0.00000   0.00000   0.00000**********   0.00000
   0.99608   0.48457   0.00000   0.00000   0.00000**********   0.00000
   0.99609   0.44461   0.00000   0.00000   0.00000**********   0.00000
   0.99620  -0.03512   0.00000   0.00000   0.00000**********   0.00000
   0.99614   0.20461   0.00000   0.00000   0.00000**********   0.00000
   0.99611   0.32460   0.00000   0.00000   0.00000**********   0.00000
   0.99610   0.36460   0.00000   0.00000   0.00000**********   0.00000
   0.99612   0.28460   0.00000   0.00000   0.00000**********   0.00000
   0.99613   0.24459   0.00000   0.00000   0.00000**********   0.00000
   0.99617   0.08476   0.00000   0.00000   0.00000**********   0.00000
   0.99615   0.16465   0.00000   0.00000   0.00000**********   0.00000
   0.99616   0.12468   0.00000   0.00000   0.00000**********   0.00000
   0.99618   0.04474   0.00000   0.00000   0.00000**********   0.00000
   0.99619   0.00477   0.00000   0.00000   0.00000**********   0.00000
   0.99624  -0.23333   0.00000   0.00000   0.00000**********   0.00000
   0.99621  -0.11478   0.00000   0.00000   0.00000**********   0.00000
   0.99620  -0.07499   0.00000   0.00000   0.00000**********   0.00000
   0.99622  -0.15447   0.00000   0.00000   0.00000**********   0.00000
   0.99623  -0.19399   0.00000   0.00000   0.00000**********   0.00000
   0.99627  -0.34810   0.00000   0.00000   0.00000**********   0.00000
   0.99625  -0.27219   0.00000   0.00000   0.00000**********   0.00000
   0.99626  -0.31067   0.00000   0.00000   0.00000**********   0.00000
   0.99628  -0.38483   0.00000   0.00000   0.00000**********   0.00000
   0.99628  -0.42097   0.00000   0.00000   0.00000**********   0.00000
   0.99629  -0.45623   0.00000   0.00000   0.00000**********   0.00000
   0.98894  -1.14616   0.00000   0.00000   0.00000**********   0.00000
   1.02627  -1.28035   0.00000   0.00000   0.00000**********   0.00000
   1.12729  -1.35479   0.00000   0.00000   0.00000**********   0.00000
   1.28992  -1.38878   0.00000   0.00000   0.00000**********   0.00000
   1.37713  -1.36280   0.00000   0.00000   0.00000**********   0.00000
   1.39513  -1.31444   0.00000   0.00000   0.00000**********   0.00000
   1.66930  -1.27150   0.00000   0.00000   0.00000**********   0.00000
   1.75182  -1.26513   0.00000   0.00000   0.00000**********   0.00000
   2.01258  -1.07251   0.00000   0.00000   0.00000**********   0.00000
   2.13927  -0.97143   0.00000   0.00000   0.00000**********   0.00000
   2.23639  -0.78636   0.00000   0.00000   0.00000**********   0.00000
   2.30989  -0.59848   0.00000   0.00000   0.00000**********   0.00000
   2.37006  -0.40486   0.00000   0.00000   0.00000**********   0.00000
   2.38725  -0.24258   0.00000   0.00000   0.00000**********   0.00000
   2.38708   0.23883   0.00000   0.00000   0.00000**********   0.00000
   2.37490   0.40081   0.00000   0.00000   0.00000**********   0.00000
   2.34389   0.51989   0.00000   0.00000   0.00000**********   0.00000
   2.26055   0.74660   0.00000   0.00000   0.00000**********   0.00000
   2.15863   0.97004   0.00000   0.00000   0.00000**********   0.00000
   2.02125   1.07076   0.00000   0.00000   0.00000**********   0.00000
   1.81609   1.09538   0.00000   0.00000   0.00000**********   0.00000
   1.40462   1.29699   0.00000   0.00000   0.00000**********   0.00000
   1.37019   1.35434   0.00000   0.00000   0.00000**********   0.00000
   1.25862   1.34488   0.00000   0.00000   0.00000**********   0.00000
   1.04826   1.18431   0.00000   0.00000   0.00000**********   0.00000
   0.99940   1.15779   0.00000   0.00000   0.00000**********   0.00000
   1.76998  -1.25566   0.00000   0.00000   0.00000**********   0.00000
   1.27652   1.36278   0.00000   0.00000   0.00000**********   0.00000
   1.29070   2.49900   0.00000   0.00000   0.00000**********   0.00000
   0.39998   0.01994   0.00000   0.00000   0.00000**********   0.00000
   1.23868  -2.49976   0.00000   0.00000   0.00000**********   0.00000
   2.52424   1.71041   0.00000   0.00000   0.00000**********   0.00000
   2.99602   0.95804   0.00000   0.00000   0.00000**********   0.00000
   3.14695   0.48962   0.00000   0.00000   0.00000**********   0.00000
   3.19131   0.19723   0.00000   0.00000   0.00000**********   0.00000
   3.19781   0.09869   0.00000   0.00000   0.00000**********   0.00000
   3.18058   0.29544   0.00000   0.00000   0.00000**********   0.00000
   3.16574   0.39302   0.00000   0.00000   0.00000**********   0.00000
   3.09768   0.68035   0.00000   0.00000   0.00000**********   0.00000
   3.12423   0.58544   0.00000   0.00000   0.00000**********   0.00000
   3.06739   0.77420   0.00000   0.00000   0.00000**********   0.00000
   3.03343   0.86685   0.00000   0.00000   0.00000**********   0.00000
   2.76164   1.39241   0.00000   0.00000   0.00000**********   0.00000
   2.91106   1.13677   0.00000   0.00000   0.00000**********   0.00000
   2.95519   1.04801   0.00000   0.00000   0.00000**********   0.00000
   2.86401   1.22376   0.00000   0.00000   0.00000**********   0.00000
   2.81424   1.30885   0.00000   0.00000   0.00000**********   0.00000
   2.64699   1.55643   0.00000   0.00000   0.00000**********   0.00000
   2.70541   1.47564   0.00000   0.00000   0.00000**********   0.00000
   2.58648   1.63478   0.00000   0.00000   0.00000**********   0.00000
   1.93443   2.24524   0.00000   0.00000   0.00000**********   0.00000
   2.26935   1.97759   0.00000   0.00000   0.00000**********   0.00000
   2.39400   1.85472   0.00000   0.00000   0.00000**********   0.00000
   2.45975   1.78407   0.00000   0.00000   0.00000**********   0.00000
   2.32840   1.92110   0.00000   0.00000   0.00000**********   0.00000
   2.11351   2.11292   0.00000   0.00000   0.00000**********   0.00000
   2.16755   2.06818   0.00000   0.00000   0.00000**********   0.00000
   1.99410   2.20386   0.00000   0.00000   0.00000**********   0.00000
   1.58132   2.43279   0.00000   0.00000   0.00000**********   0.00000
   1.73936   2.36145   0.00000   0.00000   0.00000**********   0.00000
   1.86970   2.28708   0.00000   0.00000   0.00000**********   0.00000
   1.67635   2.39248   0.00000   0.00000   0.00000**********   0.00000
   1.44972   2.47444   0.00000   0.00000   0.00000**********   0.00000
   1.36859   2.49085   0.00000   0.00000   0.00000**********   0.00000
   0.57557   1.77674   0.00000   0.00000   0.00000**********   0.00000
   0.93759   2.40310   0.00000   0.00000   0.00000**********   0.00000
   1.07676   2.47293   0.00000   0.00000   0.00000**********   0.00000
   1.20221   2.49783   0.00000   0.00000   0.00000**********   0.00000
   1.00003   2.44091   0.00000   0.00000   0.00000**********   0.00000
   0.73606   2.17549   0.00000   0.00000   0.00000**********   0.00000
   0.83001   2.30607   0.00000   0.00000   0.00000**********   0.00000
   0.78405   2.24869   0.00000   0.00000   0.00000**********   0.00000
   0.69458   2.09884   0.00000   0.00000   0.00000**********   0.00000
   0.65648   2.01488   0.00000   0.00000   0.00000**********   0.00000
   0.61152   1.89458   0.00000   0.00000   0.00000**********   0.00000
   0.44540   1.01405   0.00000   0.00000   0.00000**********   0.00000
   0.49153   1.37894   0.00000   0.00000   0.00000**********   0.00000
   0.55416   1.69468   0.00000   0.00000   0.00000**********   0.00000
   0.53470   1.61045   0.00000   0.00000   0.00000**********   0.00000
   0.51911   1.53495   0.00000   0.00000   0.00000**********   0.00000
   0.46762   1.21154   0.00000   0.00000   0.00000**********   0.00000
   0.47907   1.29624   0.00000   0.00000   0.00000**********   0.00000
   0.45568   1.11189   0.00000   0.00000   0.00000**********   0.00000
   0.41104   0.51758   0.00000   0.00000   0.00000**********   0.00000
   0.42842   0.81611   0.00000   0.00000   0.00000**********   0.00000
   0.43624   0.91431   0.00000   0.00000   0.00000**********   0.00000
   0.42161   0.71648   0.00000   0.00000   0.00000**********   0.00000
   0.41587   0.61755   0.00000   0.00000   0.00000**********   0.00000
   0.40414   0.31939   0.00000   0.00000   0.00000**********   0.00000
   0.40718   0.41882   0.00000   0.00000   0.00000**********   0.00000
   0.40193   0.21955   0.00000   0.00000   0.00000**********   0.00000
   0.40054   0.11937   0.00000   0.00000   0.00000**********   0.00000
   0.56678  -1.74426   0.00000   0.00000   0.00000**********   0.00000
   0.43107  -0.85100   0.00000   0.00000   0.00000**********   0.00000
   0.40885  -0.46428   0.00000   0.00000   0.00000**********   0.00000
   0.40127  -0.17885   0.00000   0.00000   0.00000**********   0.00000
   0.40022  -0.07952   0.00000   0.00000   0.00000**********   0.00000
   0.40312  -0.27784   0.00000   0.00000   0.00000**********   0.00000
   0.40562  -0.37133   0.00000   0.00000   0.00000**********   0.00000
   0.41910  -0.67538   0.00000   0.00000   0.00000**********   0.00000
   0.41241  -0.54796   0.00000   0.00000   0.00000**********   0.00000
   0.42554  -0.77583   0.00000   0.00000   0.00000**********   0.00000
   0.47362  -1.25710   0.00000   0.00000   0.00000**********   0.00000
   0.45231  -1.08125   0.00000   0.00000   0.00000**********   0.00000
   0.44288  -0.98799   0.00000   0.00000   0.00000**********   0.00000
   0.46278  -1.17269   0.00000   0.00000   0.00000**********   0.00000
   0.50719  -1.47148   0.00000   0.00000   0.00000**********   0.00000
   0.49043  -1.37198   0.00000   0.00000   0.00000**********   0.00000
   0.52631  -1.57084   0.00000   0.00000   0.00000**********   0.00000
   0.54837  -1.67069   0.00000   0.00000   0.00000**********   0.00000
   0.80555  -2.27694   0.00000   0.00000   0.00000**********   0.00000
   0.66925  -2.04466   0.00000   0.00000   0.00000**********   0.00000
   0.61174  -1.89524   0.00000   0.00000   0.00000**********   0.00000
   0.63942  -1.97228   0.00000   0.00000   0.00000**********   0.00000
   0.71152  -2.13181   0.00000   0.00000   0.00000**********   0.00000
   0.75775  -2.21042   0.00000   0.00000   0.00000**********   0.00000
   0.97891  -2.42941   0.00000   0.00000   0.00000**********   0.00000
   0.91586  -2.38706   0.00000   0.00000   0.00000**********   0.00000
   1.06035  -2.46728   0.00000   0.00000   0.00000**********   0.00000
   1.14640  -2.49049   0.00000   0.00000   0.00000**********   0.00000
   2.42748  -1.81929   0.00000   0.00000   0.00000**********   0.00000
   1.79529  -2.33118   0.00000   0.00000   0.00000**********   0.00000
   1.47106  -2.46889   0.00000   0.00000   0.00000**********   0.00000
   1.31475  -2.49734   0.00000   0.00000   0.00000**********   0.00000
   1.63264  -2.41201   0.00000   0.00000   0.00000**********   0.00000
   1.55061  -2.44405   0.00000   0.00000   0.00000**********   0.00000
   1.71980  -2.37143   0.00000   0.00000   0.00000**********   0.00000
   2.13840  -2.09260   0.00000   0.00000   0.00000**********   0.00000
   1.98508  -2.21029   0.00000   0.00000   0.00000**********   0.00000
   1.87194  -2.28569   0.00000   0.00000   0.00000**********   0.00000
   2.06163  -2.15377   0.00000   0.00000   0.00000**********   0.00000
   2.28747  -1.96058   0.00000   0.00000   0.00000**********   0.00000
   2.21398  -2.02790   0.00000   0.00000   0.00000**********   0.00000
   2.35863  -1.89100   0.00000   0.00000   0.00000**********   0.00000
   2.97790  -0.99904   0.00000   0.00000   0.00000**********   0.00000
   2.73550  -1.43182   0.00000   0.00000   0.00000**********   0.00000
   2.55764  -1.67040   0.00000   0.00000   0.00000**********   0.00000
   2.49392  -1.74560   0.00000   0.00000   0.00000**********   0.00000
   2.61971  -1.59237   0.00000   0.00000   0.00000**********   0.00000
   2.67864  -1.51333   0.00000   0.00000   0.00000**********   0.00000
   2.84132  -1.26334   0.00000   0.00000   0.00000**********   0.00000
   2.78996  -1.34817   0.00000   0.00000   0.00000**********   0.00000
   2.88985  -1.17685   0.00000   0.00000   0.00000**********   0.00000
   2.93540  -1.08879   0.00000   0.00000   0.00000**********   0.00000
   3.13622  -0.53700   0.00000   0.00000   0.00000**********   0.00000
   3.05229  -0.81679   0.00000   0.00000   0.00000**********   0.00000
   3.01679  -0.90861   0.00000   0.00000   0.00000**********   0.00000
   3.08418  -0.72374   0.00000   0.00000   0.00000**********   0.00000
   3.11204  -0.63084   0.00000   0.00000   0.00000**********   0.00000
   3.17272  -0.35049   0.00000   0.00000   0.00000**********   0.00000
   3.15665  -0.44240   0.00000   0.00000   0.00000**********   0.00000
   3.18482  -0.26104   0.00000   0.00000   0.00000**********   0.00000
   3.19326  -0.17364   0.00000   0.00000   0.00000**********   0.00000
   3.19830  -0.08700   0.00000   0.00000   0.00000**********   0.00000
   2.20991   2.03151   0.00000   0.00000   0.00000**********   0.00000
   2.05373   2.15980   0.00000   0.00000   0.00000**********   0.00000
   1.80412   2.32617   0.00000   0.00000   0.00000**********   0.00000
   1.62738   2.41425   0.00000   0.00000   0.00000**********   0.00000
   1.53069   2.45087   0.00000   0.00000   0.00000**********   0.00000
   1.14028   2.48934   0.00000   0.00000   0.00000**********   0.00000
   0.87930   2.35624   0.00000   0.00000   0.00000**********   0.00000
   0.63090   1.94967   0.00000   0.00000   0.00000**********   0.00000
   0.59534   1.84430   0.00000   0.00000   0.00000**********   0.00000
   0.50464   1.45715   0.00000   0.00000   0.00000**********   0.00000
   0.41592  -0.61859   0.00000   0.00000   0.00000**********   0.00000
   0.42220  -0.72577   0.00000   0.00000   0.00000**********   0.00000
   0.43719  -0.92531   0.00000   0.00000   0.00000**********   0.00000
   0.48266  -1.32102   0.00000   0.00000   0.00000**********   0.00000
   0.49861  -1.42215   0.00000   0.00000   0.00000**********   0.00000
   0.51652  -1.52163   0.00000   0.00000   0.00000**********   0.00000
   0.53708  -1.62132   0.00000   0.00000   0.00000**********   0.00000
   0.58844  -1.82153   0.00000   0.00000   0.00000**********   0.00000
   0.85722  -2.33509   0.00000   0.00000   0.00000**********   0.00000
   1.39140  -2.48701   0.00000   0.00000   0.00000**********   0.00000
   1.93274  -2.24638   0.00000   0.00000   0.00000**********   0.00000
