    1   0.000000000E+00  -1.275580736E-02  -9.171301866E-01   8.032629437E+01  -9.259159422E+03
    2   2.602600000E-02  -3.662503760E-02  -1.962416255E+00  -2.256088987E+02   1.186052790E+04
    3   4.504500000E-02  -1.011528476E-01  -4.108162821E+00  -1.853396626E+02   1.291604973E+04
    4   6.006000000E-02  -1.764422510E-01  -5.435074695E+00  -1.147654822E+02   9.254444368E+03
    5   7.307300000E-02  -2.534871211E-01  -6.144952583E+00  -3.973751497E+01  -1.819941884E+02
    6   8.508500000E-02  -3.302196894E-01  -6.635409415E+00  -3.247687430E+01  -4.508715916E+03
    7   9.609600000E-02  -4.062541521E-01  -7.266335418E+00  -2.043322979E+02   3.745892111E+04
    8   1.061060000E-01  -4.829653262E-01  -7.435007899E+00   1.883391910E+02  -4.276592069E+04
    9   1.161160000E-01  -5.551030102E-01  -7.692307362E+00  -3.201684681E+02   6.671698923E+04
   10   1.251250000E-01  -6.292653200E-01  -7.869260249E+00   2.702628137E+02  -6.317983499E+04
   11   1.341340000E-01  -6.968913414E-01  -7.998366003E+00  -3.315813243E+02   7.244544981E+04
   12   1.421420000E-01  -7.653735142E-01  -8.330776028E+00   1.126421650E+02  -2.152649148E+04
   13   1.501500000E-01  -8.303170503E-01  -8.118963682E+00  -6.953574625E+01   2.519548528E+04
   14   1.581580000E-01  -8.954068366E-01  -7.867937092E+00   2.527513835E+02  -7.034596615E+04
   15   1.661660000E-01  -9.563299307E-01  -8.099479322E+00  -4.122616076E+02   1.078350755E+05
   16   1.731730000E-01  -1.017020519E+00  -8.340950495E+00   1.703312798E+02  -3.376308169E+04
   17   1.801800000E-01  -1.073220011E+00  -7.976289938E+00   1.268095508E+01  -2.923545425E+01
   18   1.871870000E-01  -1.128800246E+00  -7.888152187E+00   7.916419595E+00   1.981432966E+03
   19   1.941940000E-01  -1.183764576E+00  -7.784039589E+00   1.264199203E+01   1.939643825E+03
   20   2.012010000E-01  -1.237885777E+00  -7.647840787E+00  -5.069697412E+01   3.099744071E+04
   21   2.082080000E-01  -1.290941416E+00  -7.242117553E+00   3.172505632E+02  -9.553938604E+04
   22   2.152150000E-01  -1.339376812E+00  -7.364541585E+00  -4.832021838E+02   1.536246615E+05
   23   2.212210000E-01  -1.386776196E+00  -7.495876742E+00   2.407222357E+02  -5.435128619E+04
   24   2.272270000E-01  -1.429417283E+00  -7.030379770E+00   1.286126196E+01   5.114097815E+03
   25   2.332330000E-01  -1.471225118E+00  -6.860897071E+00   3.710287657E+01  -1.880502979E+03
   26   2.392390000E-01  -1.511830379E+00  -6.671973980E+00   2.709837942E+01   1.236245367E+03
   27   2.452450000E-01  -1.551368869E+00  -6.486924169E+00   2.633689788E+01   2.852851143E+03
   28   2.512510000E-01  -1.589751312E+00  -6.277290686E+00   4.618439090E+01  -4.208130390E+03
   29   2.572570000E-01  -1.626771685E+00  -6.075805150E+00   1.716982175E+01   6.076531000E+03
   30   2.632630000E-01  -1.662733884E+00  -5.863086778E+00   4.821363730E+01  -3.353339373E+03
   31   2.692690000E-01  -1.697199083E+00  -5.633996561E+00   3.070643653E+01   2.038176784E+03
   32   2.752750000E-01  -1.730409450E+00  -5.412813110E+00   3.451527329E+01   2.173837706E+03
   33   2.812810000E-01  -1.762217795E+00  -5.166307003E+00   5.237469194E+01  -4.573113128E+03
   34   2.872870000E-01  -1.792467130E+00  -4.934225354E+00  -3.949463956E+01   3.674255072E+04
   35   2.932930000E-01  -1.821487709E+00  -4.508740853E+00   3.070660016E+02  -9.962211192E+04
   36   2.992990000E-01  -1.846626125E+00  -4.461288651E+00  -3.983720251E+02   1.595303972E+05
   37   3.043040000E-01  -1.870610959E+00  -4.457020417E+00   2.246933634E+02  -5.440497286E+04
   38   3.093090000E-01  -1.891240899E+00  -4.013853099E+00   4.331470719E+01  -9.147048025E+01
   39   3.143140000E-01  -1.910789628E+00  -3.798208658E+00   4.199260182E+01   6.095297896E+02
   40   3.193190000E-01  -1.929260968E+00  -3.580401318E+00   4.444705730E+01  -2.521425057E+02
   41   3.243240000E-01  -1.946629446E+00  -3.361101884E+00   4.252979041E+01   6.449259095E+02
   42   3.293290000E-01  -1.962905598E+00  -3.140162578E+00   4.535352337E+01  -4.026954122E+02
   43   3.343340000E-01  -1.978062473E+00  -2.918211959E+00   4.288501535E+01   6.742343670E+02
   44   3.393390000E-01  -1.992116900E+00  -2.695127663E+00   4.603986516E+01  -5.425501343E+02
   45   3.443440000E-01  -2.005040701E+00  -2.471493585E+00   4.306688441E+01   6.969061746E+02
   46   3.493490000E-01  -2.016856551E+00  -2.247215070E+00   4.651199293E+01  -6.711877620E+02
   47   3.543540000E-01  -2.027535324E+00  -2.022829180E+00   4.308385482E+01   7.124525109E+02
   48   3.593590000E-01  -2.037105071E+00  -1.798271010E+00   4.677596755E+01  -7.881495593E+02
   49   3.643640000E-01  -2.045536017E+00  -1.574028876E+00   4.294423326E+01   7.204447130E+02
   50   3.693690000E-01  -2.052861100E+00  -1.350069409E+00   4.683800042E+01  -8.930369454E+02
   51   3.743740000E-01  -2.059050211E+00  -1.126830516E+00   4.265617580E+01   7.205142938E+02
   52   3.793790000E-01  -2.064140673E+00  -9.043119059E-01   4.670445353E+01  -9.855115136E+02
   53   3.843840000E-01  -2.068102373E+00  -6.828996600E-01   4.222768800E+01   7.123529151E+02
   54   3.893890000E-01  -2.070976499E+00  -4.626278524E-01   4.638183940E+01  -1.065295006E+03
   55   3.943940000E-01  -2.072733278E+00  -2.438295795E-01   4.166662485E+01   6.957124127E+02
   56   3.993990000E-01  -2.073417233E+00  -2.657431540E-02   4.587682113E+01  -1.132169347E+03
   57   4.044040000E-01  -2.072999287E+00   1.888587391E-01   4.098069076E+01   6.704047858E+02
   58   4.094090000E-01  -2.071526757E+00   4.023639247E-01   4.519621237E+01  -1.185976609E+03
   59   4.144140000E-01  -2.068971624E+00   6.137165958E-01   4.017743960E+01   6.363021890E+02
   60   4.194190000E-01  -2.065383454E+00   8.227743738E-01   4.434697733E+01  -1.226619034E+03
   61   4.244240000E-01  -2.060735653E+00   1.029367577E+00   3.926427467E+01   5.933369514E+02
   62   4.294290000E-01  -2.055079484E+00   1.233316824E+00   4.333623047E+01  -1.254058848E+03
   63   4.344340000E-01  -2.048390151E+00   1.434507555E+00   3.824844993E+01   5.415010112E+02
   64   4.394390000E-01  -2.040720064E+00   1.632723354E+00   4.215867217E+01  -1.260787532E+03
   65   4.444440000E-01  -2.032046591E+00   1.827936128E+00   3.718732199E+01   4.582552138E+02
   66   4.494490000E-01  -2.022422423E+00   2.019798327E+00   4.076111478E+01  -1.225623111E+03
   67   4.544540000E-01  -2.011828409E+00   2.208456762E+00   3.610411442E+01   3.401625830E+02
   68   4.594590000E-01  -2.000315771E+00   2.393418395E+00   3.917578858E+01  -1.160838164E+03
   69   4.644640000E-01  -1.987870291E+00   2.574953704E+00   3.494682026E+01   2.131698143E+02
   70   4.694690000E-01  -1.974540484E+00   2.752532494E+00   3.747874746E+01  -1.091299054E+03
   71   4.744740000E-01  -1.960317441E+00   2.926445091E+00   3.369345497E+01   8.630848168E+01
   72   4.794790000E-01  -1.945246769E+00   3.096161848E+00   1.060766252E+02  -4.321389864E+04
   73   4.844840000E-01  -1.929324861E+00   3.085820736E+00  -2.427606663E+02   1.226654843E+05
   74   4.894890000E-01  -1.914357703E+00   3.407190326E+00   6.007919902E+02  -2.551827556E+05
   75   4.934930000E-01  -1.898629483E+00   3.767214444E+00  -1.888670099E+02   8.128708629E+04
   76   4.974970000E-01  -1.884189850E+00   3.662588871E+00   1.618285676E+01   8.927658454E+03
   77   5.015020000E-01  -1.869295809E+00   3.799001145E+00   6.616607574E+01  -1.957520870E+04
   78   5.055060000E-01  -1.853763650E+00   3.907015082E+00  -1.604136128E+01   2.244356638E+04
   79   5.095100000E-01  -1.838008432E+00   4.022693280E+00   6.788622929E+01  -1.799567735E+04
   80   5.135140000E-01  -1.821549922E+00   4.150256248E+00   1.650328820E+01   2.507352406E+03
   81   5.175180000E-01  -1.804773180E+00   4.236434371E+00   1.006198362E+01   9.840857099E+03
   82   5.215220000E-01  -1.787624556E+00   4.355606943E+00   6.067318993E+01  -1.823877005E+04
   83   5.255260000E-01  -1.769893480E+00   4.452340268E+00  -1.272069680E+01   1.851288452E+04
   84   5.295300000E-01  -1.751970215E+00   4.549806029E+00   5.492139949E+01  -1.365512229E+04
   85   5.335340000E-01  -1.733458633E+00   4.660251743E+00   1.872794451E+01  -1.922713181E+02
   86   5.375380000E-01  -1.714650919E+00   4.733697184E+00   4.265075674E+00   1.045177268E+04
   87   5.415420000E-01  -1.695551186E+00   4.834556041E+00   5.427856281E+01  -1.656909735E+04
   88   5.455460000E-01  -1.675935794E+00   4.919069389E+00  -9.212694503E+00   1.443267740E+04
   89   5.495500000E-01  -1.656159278E+00   4.997874218E+00   4.198501014E+01  -9.494563756E+03
   90   5.535540000E-01  -1.635912817E+00   5.089873700E+00   1.966684100E+01  -2.267222565E+03
   91   5.575580000E-01  -1.615399570E+00   5.150445657E+00   2.247625321E-02   1.018410988E+04
   92   5.615620000E-01  -1.594668048E+00   5.232171558E+00   4.623499034E+01  -1.425654105E+04
   93   5.655660000E-01  -1.573500340E+00   5.303015912E+00  -5.628379152E+00   1.034558635E+04
   94   5.695700000E-01  -1.552201497E+00   5.363410185E+00   2.967884082E+01  -5.762788322E+03
   95   5.735740000E-01  -1.530550151E+00   5.436049706E+00   1.908048032E+01  -3.584747097E+03
   96   5.775780000E-01  -1.508669611E+00   5.483712588E+00  -2.416587716E+00   8.937200136E+03
   97   5.815820000E-01  -1.486636581E+00   5.545677239E+00   3.654707353E+01  -1.131915211E+04
   98   5.855860000E-01  -1.464259828E+00   5.601277307E+00  -2.380594794E+00   6.528280437E+03
   99   5.895900000E-01  -1.441781552E+00   5.644076154E+00   1.873680487E+01  -2.765666646E+03
  100   5.935940000E-01  -1.419062066E+00   5.696928714E+00   1.679974818E+01  -4.079992120E+03
  101   5.975980000E-01  -1.396160547E+00   5.731489657E+00  -3.230903248E+00   6.847996354E+03
  102   6.016020000E-01  -1.373164297E+00   5.773446714E+00   2.563452402E+01  -7.931450302E+03
  103   6.056060000E-01  -1.349926786E+00   5.812508779E+00   3.138644067E-01   3.108622586E+03
  104   6.096100000E-01  -1.326617726E+00   5.838684235E+00   9.382177050E+00  -5.771948697E+02
  105   6.136140000E-01  -1.303170602E+00   5.871623674E+00   1.290097607E+01  -3.790852539E+03
  106   6.176180000E-01  -1.279597764E+00   5.892891677E+00  -2.699085673E+00   4.106652869E+03
  107   6.216220000E-01  -1.255980326E+00   5.915003501E+00   1.400084164E+01  -4.299127317E+03
  108   6.256260000E-01  -1.232230416E+00   5.936601032E+00  -1.840648657E+02   1.398026250E+05
  109   6.296300000E-01  -1.208440025E+00   6.320264270E+00   7.467075422E+02  -4.177766740E+05
  110   6.336340000E-01  -1.181617740E+00   5.961180108E+00  -5.914303720E+02   2.131496523E+05
  111   6.386390000E-01  -1.154735753E+00   5.670773155E+00   2.387321423E+02  -7.130060416E+04
  112   6.436440000E-01  -1.124853300E+00   5.972586569E+00   2.960740008E+00  -1.279688428E+03
  113   6.486490000E-01  -1.094950162E+00   5.971376959E+00  -1.347054738E+00   2.271789647E+01
  114   6.536540000E-01  -1.065079817E+00   5.964919492E+00   8.003974161E-01  -1.241748315E+03
  115   6.586590000E-01  -1.035241317E+00   5.953372568E+00  -3.350353397E+00   4.465894563E+00
  116   6.636640000E-01  -1.005486558E+00   5.936659985E+00  -1.342301742E+00  -1.194695576E+03
  117   6.686690000E-01  -9.758153510E-01   5.914978188E+00  -5.297892578E+00  -1.840763504E+01
  118   6.736740000E-01  -9.462776260E-01   5.888231679E+00  -3.459297196E+00  -1.138870444E+03
  119   6.786790000E-01  -9.168741519E-01   5.856653530E+00  -7.183365084E+00  -4.553236390E+01
  120   6.836840000E-01  -8.876525241E-01   5.820130495E+00  -5.542378085E+00  -1.074673319E+03
  121   6.886890000E-01  -8.586146456E-01   5.778930596E+00  -9.000614275E+00  -7.647779252E+01
  122   6.936940000E-01  -8.298054289E-01   5.732924636E+00  -7.583182888E+00  -1.002564808E+03
  123   6.986990000E-01  -8.012280700E-01   5.682413669E+00  -1.074363409E+01  -1.107532738E+02
  124   7.037040000E-01  -7.729244680E-01   5.627254594E+00  -9.573199727E+00  -9.230656040E+02
  125   7.087090000E-01  -7.448992515E-01   5.567779321E+00  -1.240656899E+01  -1.478079730E+02
  126   7.137140000E-01  -7.171909970E-01   5.503833147E+00  -1.150376590E+01  -8.367566620E+02
  127   7.187190000E-01  -6.898058817E-01   5.435776411E+00  -1.398371405E+01  -1.870309168E+02
  128   7.237240000E-01  -6.627788752E-01   5.363445357E+00  -1.336606838E+01  -7.442790151E+02
  129   7.287290000E-01  -6.361177937E-01   5.287226081E+00  -1.546951485E+01  -2.277509529E+02
  130   7.337340000E-01  -6.098537421E-01   5.206948576E+00  -1.515114349E+01  -6.463338906E+02
  131   7.387390000E-01  -5.839962385E-01   5.123021762E+00  -1.685856758E+01  -2.692367597E+02
  132   7.437440000E-01  -5.585722943E-01   5.035272438E+00  -1.684987690E+01  -5.436827174E+02
  133   7.487490000E-01  -5.335931614E-01   4.944129171E+00  -1.814561895E+01  -3.106968741E+02
  134   7.537540000E-01  -5.090815613E-01   4.849418866E+00  -1.845300391E+01  -4.371470198E+02
  135   7.587590000E-01  -4.850504785E-01   4.751586310E+00  -1.097877348E+02   5.387179837E+04
  136   7.637640000E-01  -4.615181823E-01   4.876843645E+00   3.477277440E+02  -1.664914554E+05
  137   7.687690000E-01  -4.362332736E-01   4.531913443E+00  -3.308553023E+02   9.318212679E+04
  138   7.747750000E-01  -4.116172834E-01   4.225431014E+00   1.060775929E+02  -3.188394583E+04
  139   7.807810000E-01  -3.854773963E-01   4.287473616E+00  -1.750596134E+01  -2.037844589E+03
  140   7.867870000E-01  -3.601161503E-01   4.145578210E+00  -3.194776669E+01   3.137999812E+03
  141   7.927930000E-01  -3.356807108E-01   4.010296945E+00  -1.172950837E+01  -3.823030507E+03
  142   7.987990000E-01  -3.119444634E-01   3.870897270E+00  -3.118475111E+01   2.071842451E+03
  143   8.048050000E-01  -2.891834928E-01   3.720969443E+00  -2.134638722E+01  -7.705827774E+02
  144   8.108110000E-01  -2.672481785E-01   3.578864796E+00  -2.127200696E+01  -1.578318530E+03
  145   8.168170000E-01  -2.461941689E-01   3.422638541E+00  -7.681956028E+01   2.458939357E+04
  146   8.228230000E-01  -2.261354443E-01   3.404755007E+00   1.627914549E+02  -7.050703461E+04
  147   8.288290000E-01  -2.052962517E-01   3.110814340E+00  -1.544255545E+02   2.852114547E+04
  148   8.358360000E-01  -1.856544173E-01   2.728920778E+00  -7.951089330E+01   2.496808177E+04
  149   8.428430000E-01  -1.670531560E-01   2.784730000E+00   1.695374670E+02  -5.944479389E+04
  150   8.488490000E-01  -1.494167258E-01   2.730824654E+00  -1.139153783E+02   2.269525002E+04
  151   8.548550000E-01  -1.342504902E-01   2.455980830E+00   9.744481531E+00  -1.637766169E+04
  152   8.608610000E-01  -1.199154841E-01   2.219118385E+00  -1.505022137E+02   4.728798090E+04
  153   8.668670000E-01  -1.075944402E-01   2.168088964E+00   2.181613212E+02  -9.724277329E+04
  154   8.718720000E-01  -9.604265649E-02   2.042019426E+00  -2.684711946E+02   9.720227509E+04
  155   8.768770000E-01  -8.715382572E-02   1.915780807E+00   3.030670932E+02  -1.616772404E+05
  156   8.808810000E-01  -7.878338720E-02   1.833255396E+00  -3.249270910E+02   1.471706322E+05
  157   8.848850000E-01  -7.247311650E-02   1.711968289E+00   3.350287012E+02  -2.140672859E+05
  158   8.878880000E-01  -6.678762540E-02   1.752829123E+00  -1.787158597E+02   8.509675784E+04
  159   8.908910000E-01  -6.194562479E-02   1.599847060E+00   1.177147481E+02  -1.259409576E+05
  160   8.938940000E-01  -5.717894395E-02   1.385476104E+00  -3.953930707E+02   2.607133083E+05
  161   8.968970000E-01  -5.362445531E-02   1.373668193E+00   6.921276985E+02  -6.104580577E+05
  162   8.988990000E-01  -5.030373465E-02   1.535948677E+00  -2.407695951E+02   1.770318770E+05
  163   9.009010000E-01  -4.747451681E-02   1.408700183E+00   5.785309479E+01  -9.342279430E+04
  164   9.029030000E-01  -4.466329912E-02   1.337302612E+00  -6.671636800E+01  -1.780619391E+02
  165   9.049050000E-01  -4.211995715E-02   1.203379607E+00  -1.123839478E+02   6.807681285E+04
  166   9.069070000E-01  -3.984496717E-02   1.114813012E+00  -8.674844401E+01   9.773878489E+04
  167   9.089090000E-01  -3.765624585E-02   1.137011348E+00   2.239517234E+02  -2.701070966E+05
  168   9.109110000E-01  -3.529237373E-02   1.044067536E+00  -5.268045150E+02   5.847951550E+05
  169   9.129130000E-01  -3.347579943E-02   1.161335557E+00   2.673078653E+03  -4.969841096E+06
  170   9.139140000E-01  -3.180488305E-02   1.347194415E+00  -1.223850416E+03   1.739425908E+06
  171   9.149150000E-01  -3.077871621E-02   9.935733984E-01  -6.307352685E+01  -9.613059230E-07
  172   9.159160000E-01  -2.981574911E-02   9.304367980E-01  -6.307352685E+01   6.209265091E-07
  173   9.169170000E-01  -2.891598174E-02   8.673001977E-01  -1.173058112E+02   1.625343188E+05
  174   9.179180000E-01  -2.807941411E-02   8.313068556E-01  -1.531460692E+02   4.324819981E+05
  175   9.189190000E-01  -2.725170542E-02   8.946813376E-01   1.798175781E+02  -1.329290524E+05
  176   9.199200000E-01  -2.628826208E-02   1.008081212E+00   2.331280085E+02  -4.256296246E+05
  177   9.209210000E-01  -2.523352683E-02   1.028201693E+00  -4.331694579E+01  -2.275289281E+04
  178   9.219220000E-01  -2.422980229E-02   9.734422199E-01  -5.850070959E+01   1.216590483E-06
  179   9.229230000E-01  -2.328469551E-02   9.148830096E-01  -5.850070959E+01  -1.365506477E-06
  180   9.239240000E-01  -2.239820650E-02   8.563237993E-01  -5.850070959E+01   8.961551758E-07
  181   9.249250000E-01  -2.157033526E-02   7.977645890E-01  -5.850070959E+01  -1.914634204E-07
  182   9.259260000E-01  -2.080108179E-02   7.392053787E-01  -5.850070959E+01  -5.238651918E-07
  183   9.269270000E-01  -2.009044609E-02   6.806461684E-01  -9.666513684E+01   1.143789028E+05
  184   9.279280000E-01  -1.943842816E-02   6.411882539E-01  -1.593412442E+02   4.165982874E+05
  185   9.289290000E-01  -1.880678721E-02   6.904036187E-01   1.417933991E+02  -6.930485389E+04
  186   9.299300000E-01  -1.805624012E-02   7.976170448E-01   2.319052213E+02  -4.086751088E+05
  187   9.309310000E-01  -1.720995789E-02   8.250077374E-01  -2.842129426E+01  -3.715087040E+04
  188   9.319320000E-01  -1.640457463E-02   7.779454172E-01  -5.321330844E+01  -5.198763705E-07
  189   9.329330000E-01  -1.565251116E-02   7.246788954E-01  -5.321330844E+01   5.969935815E-07
  190   9.339340000E-01  -1.495376748E-02   6.714123737E-01  -5.321330844E+01  -7.552168247E-07
  191   9.349350000E-01  -1.430834359E-02   6.181458520E-01  -5.321330844E+01   5.943343673E-07
  192   9.359360000E-01  -1.371623949E-02   5.648793302E-01  -5.321330844E+01  -3.895748761E-07
  193   9.369370000E-01  -1.317745517E-02   5.116128085E-01  -7.841985858E+01   7.554410631E+04
  194   9.379380000E-01  -1.269199064E-02   4.709621651E-01  -1.559097625E+02   3.833256869E+05
  195   9.389390000E-01  -1.223458892E-02   5.069428536E-01   1.046983671E+02  -1.439197180E+04
  196   9.399400000E-01  -1.167709105E-02   6.045355340E-01   2.199850058E+02  -3.742983451E+05
  197   9.409410000E-01  -1.102430878E-02   6.372168668E-01  -1.240445068E+01  -5.212479277E+04
  198   9.419420000E-01  -1.040138288E-02   5.986854644E-01  -4.718906239E+01   6.554962933E-07
  199   9.429430000E-01  -9.825740477E-03   5.514492129E-01  -4.718906238E+01  -5.584349760E-08
  200   9.439440000E-01  -9.297381559E-03   5.042129615E-01  -4.718906238E+01  -9.307249600E-09
  201   9.449450000E-01  -8.816306128E-03   4.569767101E-01  -4.718906238E+01  -1.841505814E-07
  202   9.459460000E-01  -8.382514185E-03   4.097404586E-01  -4.718906238E+01   3.490218600E-07
  203   9.469470000E-01  -7.996005730E-03   3.625042072E-01  -6.246441322E+01   4.578027224E+04
  204   9.479480000E-01  -7.656780762E-03   3.229132688E-01  -1.436794275E+02   3.349621858E+05
  205   9.489490000E-01  -7.349533366E-03   3.469063844E-01   6.991627571E+01   2.977740879E+04
  206   9.499500000E-01  -6.962274181E-03   4.318110731E-01   1.981617729E+02  -3.247973220E+05
  207   9.509510000E-01  -6.485047597E-03   4.674473871E-01   3.233096753E+00  -6.539281721E+04
  208   9.519520000E-01  -6.026444512E-03   4.379218828E-01  -4.040570993E+01   3.550050919E-07
  209   9.529530000E-01  -5.608327988E-03   3.974757672E-01  -4.040570993E+01  -4.374407312E-07
  210   9.539540000E-01  -5.230698026E-03   3.570296515E-01  -4.040570993E+01   2.719046490E-07
  211   9.549550000E-01  -4.893554626E-03   3.165835359E-01  -4.040570993E+01   6.049712240E-08
  212   9.559560000E-01  -4.596897787E-03   2.761374202E-01  -4.040570993E+01  -1.775025460E-07
  213   9.569570000E-01  -4.340727510E-03   2.356913046E-01  -4.858248515E+01   2.450581984E+04
  214   9.579580000E-01  -4.125043795E-03   1.993376650E-01  -1.238380820E+02   2.745528891E+05
  215   9.589590000E-01  -3.941653505E-03   2.129268795E-01   3.899723891E+01   6.108783328E+04
  216   9.599600000E-01  -3.698764182E-03   2.825681507E-01   1.675899738E+02  -2.632171454E+05
  217   9.609610000E-01  -3.375952067E-03   3.184537931E-01   1.671378791E+01  -7.425790943E+04
  218   9.619620000E-01  -3.061219689E-03   2.979810450E-01  -3.284099031E+01  -5.850271177E-08
  219   9.629630000E-01  -2.779394015E-03   2.651072137E-01  -3.284099031E+01   1.392763422E-07
  220   9.639640000E-01  -2.530475047E-03   2.322333824E-01  -3.284099031E+01  -2.094131160E-07
  221   9.649650000E-01  -2.314462784E-03   1.993595511E-01  -3.284099031E+01   6.348873835E-08
  222   9.659660000E-01  -2.131357226E-03   1.664857198E-01  -3.284099031E+01   1.153434147E-07
  223   9.669670000E-01  -1.981158373E-03   1.336118885E-01  -3.644073412E+01   1.078844298E+04
  224   9.679680000E-01  -1.863866225E-03   1.025397290E-01  -9.795242919E+01   2.059276204E+05
  225   9.689690000E-01  -1.775873835E-03   1.076591881E-01   1.366396208E+01   7.734058171E+04
  226   9.699700000E-01  -1.648332530E-03   1.600844843E-01   1.298029187E+02  -1.933876378E+05
  227   9.709710000E-01  -1.455384698E-03   1.931299027E-01   2.597044549E+01  -7.558904203E+04
  228   9.719720000E-01  -1.261686465E-03   1.812561708E-01  -2.447264189E+01   1.176702271E-07
  229   9.729730000E-01  -1.092509844E-03   1.567590563E-01  -2.447264189E+01  -7.977642515E-09
  230   9.739740000E-01  -9.478548342E-04   1.322619418E-01  -2.447264189E+01   4.271362763E-08
  231   9.749750000E-01  -8.277214364E-04   1.077648272E-01  -2.447264189E+01  -2.330136418E-07
  232   9.759760000E-01  -7.321096501E-04   8.326771270E-02  -2.447264189E+01   2.466421144E-07
  233   9.769770000E-01  -6.610194755E-04   5.877059817E-02  -2.558252035E+01   3.326309076E+03
  234   9.779780000E-01  -6.144509126E-04   3.482897781E-02  -6.798685068E+01   1.337385232E+05
  235   9.789790000E-01  -5.912918620E-04   3.377720729E-02  -4.181982006E+00   7.625366383E+04
  236   9.799800000E-01  -5.468289436E-04   6.779416701E-02   8.673159792E+01  -1.199609438E+05
  237   9.809810000E-01  -4.555679396E-04   9.451200368E-02   2.863372670E+01  -6.580239352E+04
  238   9.819820000E-01  -3.576159122E-04   9.020733205E-02  -1.527840391E+01   4.637004712E-08
  239   9.829830000E-01  -2.749728609E-04   7.491364973E-02  -1.527840391E+01  -1.590542476E-07
  240   9.839840000E-01  -2.076387855E-04   5.961996742E-02  -1.527840391E+01   2.256177024E-07
  241   9.849850000E-01  -1.556136861E-04   4.432628511E-02  -1.527840391E+01   4.661934844E-08
  242   9.859860000E-01  -1.188975627E-04   2.903260279E-02  -1.527840391E+01  -2.274459121E-07
  243   9.869870000E-01  -9.749041530E-05   1.373892048E-02  -1.542789571E+01   4.480273755E+02
  244   9.879880000E-01  -9.139224390E-05  -1.479941189E-03  -3.710866830E+01   6.587339517E+04
  245   9.889890000E-01  -1.004532576E-04  -5.623114239E-03  -1.188281560E+01   5.614483420E+04
  246   9.899900000E-01  -1.026497186E-04   1.061077735E-02   4.299764179E+01  -5.218722688E+04
  247   9.909910000E-01  -7.921048130E-05   2.750559002E-02   2.248789905E+01  -4.290669329E+04
  248   9.919920000E-01  -4.758352738E-05   2.851970218E-02  -6.145167608E+00   1.267281754E-08
  249   9.929930000E-01  -2.211403754E-05   2.236838940E-02  -6.145167608E+00   1.299690926E-07
  250   9.939940000E-01  -2.802011792E-06   1.621707663E-02  -6.145167608E+00  -1.772532446E-07
  251   9.949950000E-01   1.035254987E-05   1.006576385E-02  -6.145167608E+00   8.964460274E-09
  252   9.959960000E-01   1.734964744E-05   3.914451076E-03  -6.145167608E+00   1.219096481E-07
  253   9.969970000E-01   1.818928092E-05  -2.236861700E-03  -6.145167608E+00  -8.995622940E-08
  254   9.979980000E-01   1.287145031E-05  -8.388174476E-03   2.976534307E+03  -8.939099323E+06
  255   9.989990000E-01   1.396155620E-06  -1.507370564E+00  -6.250609505E+03   9.775579010E+06
  256   1.000000000E+00  -3.004884419E-03  -2.866660707E+00  -2.589181857E+03   8.577848387E+06
  257   1.001001000E+00  -5.737658579E-03  -1.160925415E+00   6.399549062E+03  -9.783556731E+06
  258   1.002002000E+00  -5.329057100E-03   3.434563817E-01  -2.465827946E+02   3.513636302E+05
  259   1.003003000E+00  -5.050058903E-03   2.726603587E-01  -1.083180235E+01  -3.819169894E+03
  260   1.004004000E+00  -4.783191062E-03   2.599043186E-01  -1.529195625E+01   5.728754837E+03
  261   1.005005000E+00  -4.529730457E-03   2.474671794E-01  -1.146896719E+01   1.590210075E-06
  262   1.006006000E+00  -4.287761769E-03   2.359867432E-01  -1.146896719E+01   1.193322359E-07
  263   1.007007000E+00  -4.057284997E-03   2.245063071E-01  -1.274329688E+01   3.819169893E+03
  264   1.008008000E+00  -3.838300142E-03   2.136636729E-01  -9.557472659E+00  -1.909584947E+03
  265   1.009009000E+00  -3.629530324E-03   2.031399398E-01  -1.210613203E+01   3.819169893E+03
  266   1.010010000E+00  -3.431613983E-03   1.929351076E-01  -9.557472660E+00   2.333128034E-06
  267   1.011011000E+00  -3.243274239E-03   1.833680775E-01  -1.019463750E+01   1.909584946E+03
  268   1.012012000E+00  -3.064511092E-03   1.741199484E-01  -8.920307814E+00  -1.775690263E-06
  269   1.013013000E+00  -2.894686102E-03   1.651907203E-01  -8.920307815E+00   1.055708026E-06
  270   1.014014000E+00  -2.733799270E-03   1.562614921E-01  -1.083180235E+01   5.728754840E+03
  271   1.015015000E+00  -2.581850595E-03   1.482889670E-01  -6.371648439E+00  -1.909584947E+03
  272   1.016016000E+00  -2.436924758E-03   1.409542439E-01  -7.008813283E+00  -1.909584947E+03
  273   1.017017000E+00  -2.299660198E-03   1.329817188E-01  -1.083180235E+01   7.638339789E+03
  274   1.018018000E+00  -2.170695357E-03   1.259658967E-01  -5.097318751E+00  -1.909584947E+03
  275   1.019019000E+00  -2.047476473E-03   1.199067776E-01  -5.097318751E+00  -3.819169895E+03
  276   1.020020000E+00  -1.930641988E-03   1.128909555E-01  -1.019463750E+01   7.638339788E+03
  277   1.021021000E+00  -1.821468780E-03   1.065129355E-01  -5.097318751E+00   2.127371337E-08
  278   1.022022000E+00  -1.717403091E-03   1.014105194E-01  -4.460153907E+00  -1.909584947E+03
  279   1.023023000E+00  -1.618444920E-03   9.598920232E-02  -5.734483595E+00   4.088541789E-08
  280   1.024024000E+00  -1.525232708E-03   9.024898424E-02  -7.008813283E+00   3.819169893E+03
  281   1.025025000E+00  -1.437766454E-03   8.514656817E-02  -4.460153908E+00   1.038921737E-06
  282   1.026026000E+00  -1.354769278E-03   8.068195411E-02  -4.460153907E+00  -2.014354735E-07
  283   1.027027000E+00  -1.276241182E-03   7.621734005E-02  -5.097318751E+00   1.909584946E+03
  284   1.028028000E+00  -1.202182164E-03   7.207162699E-02  -3.185824220E+00  -1.909584946E+03
  285   1.029029000E+00  -1.131953784E-03   6.792591393E-02  -5.097318751E+00   1.909584947E+03
  286   1.030030000E+00  -1.066194484E-03   6.378020087E-02  -4.460153907E+00   1.909584947E+03
  287   1.031031000E+00  -1.004265822E-03   6.027228983E-02  -3.185824219E+00  -3.145351762E-07
  288   1.032032000E+00  -9.455293597E-04   5.708327978E-02  -3.185824220E+00   6.837504439E-07
  289   1.033033000E+00  -8.899850962E-04   5.389426974E-02  -3.822989063E+00   1.909584947E+03
  290   1.034034000E+00  -8.376330317E-04   5.102416070E-02  -1.911494531E+00  -1.909584947E+03
  291   1.035035000E+00  -7.878347265E-04   4.815405166E-02  -3.185824220E+00   2.778878809E-07
  292   1.036036000E+00  -7.412286203E-04   4.496504162E-02  -4.460153907E+00   3.819169893E+03
  293   1.037037000E+00  -6.978147132E-04   4.241383358E-02  -1.274329688E+00  -1.909584947E+03
  294   1.038038000E+00  -6.563161255E-04   4.018152655E-02  -2.548659376E+00  -2.011030717E-08
  295   1.039039000E+00  -6.173712970E-04   3.763031852E-02  -3.185824219E+00   1.909584947E+03
  296   1.040040000E+00  -5.809802278E-04   3.539801149E-02  -1.911494532E+00   3.753647004E-07
  297   1.041041000E+00  -5.465044780E-04   3.348460546E-02  -1.911494532E+00  -5.476319185E-08
  298   1.042042000E+00  -5.139440477E-04   3.157119943E-02  -2.548659375E+00   1.909584946E+03
  299   1.043043000E+00  -4.832989367E-04   2.997669441E-02  -6.371648440E-01  -1.909584947E+03
  300   1.044044000E+00  -4.539307054E-04   2.838218939E-02  -1.274329688E+00  -1.909584947E+03
  301   1.045045000E+00  -4.264777936E-04   2.614988236E-02  -4.460153907E+00   5.728754840E+03
  302   1.046046000E+00  -4.015786410E-04   2.455537734E-02   3.262874486E-11  -1.909584947E+03
  303   1.047047000E+00  -3.773179282E-04   2.359867432E-02  -6.371648440E-01  -1.909584946E+03
  304   1.048048000E+00  -3.543340950E-04   2.200416930E-02  -2.548659376E+00   1.909584947E+03
  305   1.049049000E+00  -3.332655812E-04   2.040966428E-02  -1.911494532E+00   1.909584946E+03
  306   1.050050000E+00  -3.134739471E-04   1.945296127E-02  -6.371648440E-01   1.713946634E-07
  307   1.051051000E+00  -2.943207528E-04   1.881515926E-02   6.371648439E-01  -3.819169894E+03
  308   1.052052000E+00  -2.758059982E-04   1.753955524E-02  -2.548659376E+00   1.909584947E+03
  309   1.053053000E+00  -2.592065632E-04   1.594505022E-02  -1.911494532E+00   1.909584947E+03
  310   1.054054000E+00  -2.438840077E-04   1.498834721E-02  -6.371648439E-01  -9.176366403E-08
  311   1.055055000E+00  -2.291998921E-04   1.435054520E-02  -6.907353477E-11  -1.909584947E+03
  312   1.056056000E+00  -2.151542162E-04   1.339384218E-02  -2.548659376E+00   3.819169894E+03
  313   1.057057000E+00  -2.023854200E-04   1.275604017E-02   6.371648439E-01  -1.909584947E+03
  314   1.058058000E+00  -1.896166238E-04   1.243713917E-02   6.371648439E-01  -3.819169894E+03
  315   1.059059000E+00  -1.774862674E-04   1.116153515E-02  -3.822989063E+00   5.728754840E+03
  316   1.060060000E+00  -1.672712304E-04   1.020483214E-02   6.371648439E-01  -1.909584947E+03
  317   1.061061000E+00  -1.570561934E-04   9.885931136E-03  -6.371648439E-01  -8.659066146E-08
  318   1.062062000E+00  -1.474795963E-04   9.248129127E-03  -1.274329688E+00   1.909584947E+03
  319   1.063063000E+00  -1.385414389E-04   8.929228122E-03   6.371648439E-01  -1.909584947E+03
  320   1.064064000E+00  -1.296032816E-04   8.610327118E-03   5.753875010E-11  -1.909584947E+03
  321   1.065065000E+00  -1.213035640E-04   7.653624105E-03  -2.548659376E+00   3.819169894E+03
  322   1.066066000E+00  -1.142807261E-04   7.015822096E-03   6.371648439E-01  -1.909584947E+03
  323   1.067067000E+00  -1.072578882E-04   6.696921092E-03  -1.274329688E+00   1.909584947E+03
  324   1.068068000E+00  -1.008734901E-04   6.378020087E-03  -1.351385981E-11   2.022457028E-08
  325   1.069069000E+00  -9.448909199E-05   6.378020087E-03   1.274329688E+00  -3.819169894E+03
  326   1.070070000E+00  -8.810469388E-05   5.740218079E-03  -2.548659376E+00   3.819169894E+03
  327   1.071071000E+00  -8.299717540E-05   5.102416070E-03   3.512078518E-11  -5.237405411E-08
  328   1.072072000E+00  -7.788965691E-05   5.102416070E-03   6.371648439E-01  -1.909584947E+03
  329   1.073073000E+00  -7.278213843E-05   4.783515066E-03  -6.371648439E-01   2.590656306E-08
  330   1.074074000E+00  -6.831305975E-05   4.145713057E-03  -1.911494532E+00   3.819169894E+03
  331   1.075075000E+00  -6.448242089E-05   4.145713057E-03   1.911494532E+00  -3.819169893E+03
  332   1.076076000E+00  -6.001334221E-05   4.145713057E-03  -6.371648439E-01  -5.811317845E-08
  333   1.077077000E+00  -5.618270335E-05   3.507911048E-03  -1.911494532E+00   3.819169894E+03
  334   1.078078000E+00  -5.299050429E-05   3.507911048E-03   1.911494532E+00  -3.819169894E+03
  335   1.079079000E+00  -4.915986543E-05   3.507911048E-03  -6.371648439E-01  -2.904879856E-08
  336   1.080080000E+00  -4.596766637E-05   2.870109039E-03  -1.274329688E+00   1.909584947E+03
  337   1.081081000E+00  -4.341390713E-05   2.551208035E-03  -7.798457185E-15   2.077511072E-11
  338   1.082082000E+00  -4.086014789E-05   2.551208035E-03   1.992939058E-14  -4.155022143E-11
  339   1.083083000E+00  -3.830638865E-05   2.551208035E-03  -6.769927332E-12   2.027131428E-08
  340   1.084084000E+00  -3.575262940E-05   2.551208035E-03   6.371648439E-01  -1.909584947E+03
  341   1.085085000E+00  -3.319887016E-05   2.232307031E-03  -1.274329688E+00   1.909584947E+03
  342   1.086086000E+00  -3.128355073E-05   1.913406026E-03  -2.144619051E-11   5.630574382E-08
  343   1.087087000E+00  -2.936823129E-05   1.913406026E-03   4.226460521E-11  -7.832995806E-08
  344   1.088088000E+00  -2.745291186E-05   1.913406026E-03  -2.002080583E-11   3.000705054E-08
  345   1.089089000E+00  -2.553759243E-05   1.913406026E-03   6.371648439E-01  -1.909584947E+03
  346   1.090090000E+00  -2.362227300E-05   1.594505022E-03  -1.274329688E+00   1.909584947E+03
  347   1.091091000E+00  -2.234539338E-05   1.275604017E-03   2.188333736E-12  -6.557144319E-09
  348   1.092092000E+00  -2.106851375E-05   1.275604017E-03  -6.987417638E-12   1.438676417E-08
  349   1.093093000E+00  -1.979163413E-05   1.275604017E-03  -3.156208922E-12   1.728748900E-08
  350   1.094094000E+00  -1.851475451E-05   1.275604017E-03   3.232200554E-11  -7.175203863E-08
  351   1.095095000E+00  -1.723787489E-05   1.275604017E-03  -3.788013928E-11   6.689066273E-08
  352   1.096096000E+00  -1.596099527E-05   1.275604017E-03   6.371648439E-01  -1.909584947E+03
  353   1.097097000E+00  -1.468411565E-05   9.567030131E-04  -1.465479141E+01   4.201086883E+04
  354   1.098098000E+00  -1.404567584E-05   7.334723101E-03   2.676092344E+01  -4.010128388E+04
  355   1.099099000E+00   0.000000000E+00   0.000000000E+00   0.000000000E+00   0.000000000E+00
