    1   0.000000000E+00   1.000200000E+00  -1.275580736E-02   1.834260373E+00  -2.114339937E+02
    2   2.602600000E-02   9.998680174E-01  -3.662503760E-02  -3.518761398E+00   1.324503715E+01
    3   4.504500000E-02   9.985502252E-01  -1.011528476E-01  -6.100070229E+00   1.446274984E+02
    4   6.006000000E-02   9.964253813E-01  -1.764422510E-01  -6.740651463E+00   1.260345197E+02
    5   7.307300000E-02   9.936049018E-01  -2.534871211E-01  -7.107075830E+00   1.197274611E+02
    6   8.508500000E-02   9.900818661E-01  -3.302196894E-01  -8.140312260E+00   2.243199891E+02
    7   9.609600000E-02   9.860022539E-01  -4.062541521E-01  -8.245056070E+00   1.162042173E+02
    8   1.061060000E-01   9.815419976E-01  -4.829653262E-01  -7.995636105E+00   1.576571965E+02
    9   1.161160000E-01   9.763332880E-01  -5.551030102E-01  -9.252754776E+00   2.266023229E+02
   10   1.251250000E-01   9.709844935E-01  -6.292653200E-01  -8.662351903E+00   2.566002923E+02
   11   1.341340000E-01   9.649951855E-01  -6.968913414E-01  -9.934906525E+00   3.454512085E+02
   12   1.421420000E-01   9.591254935E-01  -7.653735142E-01  -8.052308679E+00  -1.436650606E+01
   13   1.501500000E-01   9.527369633E-01  -8.303170503E-01  -8.130829610E+00   6.829208847E-01
   14   1.581580000E-01   9.458271356E-01  -8.954068366E-01  -9.165993191E+00   3.891643862E+02
   15   1.661660000E-01   9.383961274E-01  -9.563299307E-01  -1.045200910E+01   5.110850691E+02
   16   1.731730000E-01   9.314678417E-01  -1.017020519E+00  -8.152724283E+00   3.774678260E+01
   17   1.801800000E-01   9.241436018E-01  -1.073220011E+00  -8.064986546E+00   3.792924222E+01
   18   1.871870000E-01   9.164277365E-01  -1.128800246E+00  -7.975013378E+00   3.733707695E+01
   19   1.941940000E-01   9.083245952E-01  -1.183764576E+00  -7.954045841E+00   6.569704381E+01
   20   2.012010000E-01   8.998384597E-01  -1.237885777E+00  -7.797848502E+00   6.451924551E+01
   21   2.082080000E-01   8.909768639E-01  -1.290941416E+00  -8.664513237E+00   5.000951779E+02
   22   2.152150000E-01   8.817472067E-01  -1.339376812E+00  -1.005696397E+01   7.209319382E+02
   23   2.212210000E-01   8.735475535E-01  -1.386776196E+00  -7.311561207E+00   7.053382626E+01
   24   2.272270000E-01   8.650892510E-01  -1.429417283E+00  -7.165408472E+00   6.806428844E+01
   25   2.332330000E-01   8.563773931E-01  -1.471225118E+00  -7.157071728E+00   1.319643692E+02
   26   2.392390000E-01   8.474168949E-01  -1.511830379E+00  -6.719728719E+00   4.547568666E+01
   27   2.452450000E-01   8.382172866E-01  -1.551368869E+00  -6.831565995E+00   1.468141486E+02
   28   2.512510000E-01   8.287818521E-01  -1.589751312E+00  -6.403369901E+00   7.974413458E+01
   29   2.572570000E-01   8.191211938E-01  -1.626771685E+00  -6.276799091E+00   9.626608632E+01
   30   2.632630000E-01   8.092410706E-01  -1.662733884E+00  -6.197126002E+00   1.527354250E+02
   31   2.692690000E-01   7.991484344E-01  -1.697199083E+00  -5.697656880E+00   5.598577377E+01
   32   2.752750000E-01   7.888543152E-01  -1.730409450E+00  -5.828280287E+00   1.772180045E+02
   33   2.812810000E-01   7.783627561E-01  -1.762217795E+00  -5.283059417E+00   8.209791230E+01
   34   2.872870000E-01   7.676865550E-01  -1.792467130E+00  -5.199155487E+00   1.222857696E+02
   35   2.932930000E-01   7.568316409E-01  -1.821487709E+00  -5.757469028E+00   5.234494315E+02
   36   2.992990000E-01   7.458068447E-01  -1.846626125E+00  -6.233665674E+00   5.760204210E+02
   37   3.043040000E-01   7.364984406E-01  -1.870610959E+00  -4.691300081E+00   2.275459810E+02
   38   3.093090000E-01   7.270820290E-01  -1.891240899E+00  -3.984485107E+00   3.142664264E+01
   39   3.143140000E-01   7.175671192E-01  -1.910789628E+00  -4.257719862E+00   2.266303615E+02
   40   3.193190000E-01   7.079550248E-01  -1.929260968E+00  -3.564139163E+00   3.752803583E+01
   41   3.243240000E-01   6.982552169E-01  -1.946629446E+00  -3.812804819E+00   2.241064150E+02
   42   3.293290000E-01   6.884692640E-01  -1.962905598E+00  -3.138415961E+00   4.398374419E+01
   43   3.343340000E-01   6.786065319E-01  -1.978062473E+00  -3.358816050E+00   2.200754339E+02
   44   3.393390000E-01   6.686688587E-01  -1.992116900E+00  -2.709136957E+00   5.073283020E+01
   45   3.443440000E-01   6.586654417E-01  -2.005040701E+00  -2.897956999E+00   2.146445071E+02
   46   3.493490000E-01   6.485984013E-01  -2.016856551E+00  -2.278037444E+00   5.770886101E+01
   47   3.543540000E-01   6.384767077E-01  -2.027535324E+00  -2.432371950E+00   2.079259176E+02
   48   3.593590000E-01   6.283027727E-01  -2.037105071E+00  -1.846768057E+00   6.484051064E+01
   49   3.643640000E-01   6.180852859E-01  -2.045536017E+00  -1.964144515E+00   2.000365405E+02
   50   3.693690000E-01   6.078269572E-01  -2.052861100E+00  -1.416896282E+00   7.205216222E+01
   51   3.743740000E-01   5.975361463E-01  -2.059050211E+00  -1.495296131E+00   1.910972406E+02
   52   3.793790000E-01   5.872158645E-01  -2.064140673E+00  -9.899079626E-01   7.926451030E+01
   53   3.843840000E-01   5.768740982E-01  -2.068102373E+00  -1.027784551E+00   1.812322704E+02
   54   3.893890000E-01   5.665141598E-01  -2.070976499E+00  -5.672088057E-01   8.639516298E+01
   55   3.943940000E-01   5.561436234E-01  -2.072733278E+00  -5.635023387E-01   1.705686674E+02
   56   3.993990000E-01   5.457660997E-01  -2.073417233E+00  -1.501258910E-01   9.335924423E+01
   57   4.044040000E-01   5.353887169E-01  -2.072999287E+00  -1.042753592E-01   1.592356522E+02
   58   4.094090000E-01   5.250153768E-01  -2.071526757E+00   2.600908235E-01   1.000699961E+02
   59   4.144140000E-01   5.146527341E-01  -2.068971624E+00   3.481387267E-01   1.473640264E+02
   60   4.194190000E-01   5.043049708E-01  -2.065383454E+00   6.622669939E-01   1.064393811E+02
   61   4.244240000E-01   4.939782457E-01  -2.060735653E+00   7.920519697E-01   1.350855698E+02
   62   4.294290000E-01   4.836770070E-01  -2.055079484E+00   1.055302383E+00   1.123786839E+02
   63   4.344340000E-01   4.734069001E-01  -2.048390151E+00   1.225847637E+00   1.225324408E+02
   64   4.394390000E-01   4.631726215E-01  -2.040720064E+00   1.438169367E+00   1.177991091E+02
   65   4.444440000E-01   4.529792922E-01  -2.032046591E+00   1.647855945E+00   1.099119576E+02
   66   4.494490000E-01   4.428318352E-01  -2.022422423E+00   1.810414460E+00   1.223862437E+02
   67   4.544540000E-01   4.327348438E-01  -2.011828409E+00   2.055874704E+00   9.764347023E+01
   68   4.594590000E-01   4.226934328E-01  -2.000315771E+00   2.171816646E+00   1.257912712E+02
   69   4.644640000E-01   4.127116829E-01  -1.987870291E+00   2.448024348E+00   8.602348021E+01
   70   4.694690000E-01   4.027948512E-01  -1.974540484E+00   2.521634316E+00   1.279251010E+02
   71   4.744740000E-01   3.929465327E-01  -1.960317441E+00   2.823186610E+00   7.509957668E+01
   72   4.794790000E-01   3.831720736E-01  -1.945246769E+00   2.858905801E+00   1.287890489E+02
   73   4.844840000E-01   3.734746125E-01  -1.929324861E+00   3.885013628E+00  -3.574715487E+02
   74   4.894890000E-01   3.638595317E-01  -1.914357703E+00   4.763669165E+00  -4.173537852E+02
   75   4.934930000E-01   3.562281640E-01  -1.898629483E+00   3.736234378E+00  -6.490128685E+01
   76   4.974970000E-01   3.486553068E-01  -1.884189850E+00   3.245913110E+00   2.361790640E+02
   77   5.015020000E-01   3.411376875E-01  -1.869295809E+00   3.877022079E+00   1.068201401E+00
   78   5.055060000E-01   3.336841167E-01  -1.853763650E+00   3.769881302E+00   8.241171051E+01
   79   5.095100000E-01   3.262927481E-01  -1.838008432E+00   3.748562858E+00   1.807962810E+02
   80   5.135140000E-01   3.189653452E-01  -1.821549922E+00   4.313514226E+00  -6.169767373E+01
   81   5.175180000E-01   3.117057764E-01  -1.804773180E+00   3.880721190E+00   2.008751591E+02
   82   5.215220000E-01   3.045127216E-01  -1.787624556E+00   4.394090591E+00   1.710790992E+01
   83   5.255260000E-01   2.973904789E-01  -1.769893480E+00   4.366592095E+00   5.481908850E+01
   84   5.295300000E-01   2.903394146E-01  -1.751970215E+00   4.292223251E+00   1.653590891E+02
   85   5.335340000E-01   2.833607014E-01  -1.733458633E+00   4.806402662E+00  -5.453113079E+01
   86   5.375380000E-01   2.764578778E-01  -1.714650919E+00   4.442196631E+00   1.638193804E+02
   87   5.415420000E-01   2.696297769E-01  -1.695551186E+00   4.840557388E+00   2.916666481E+01
   88   5.455460000E-01   2.628799039E-01  -1.675935794E+00   4.876859362E+00   3.113404881E+01
   89   5.495500000E-01   2.562088831E-01  -1.656159278E+00   4.766782131E+00   1.447435455E+02
   90   5.535540000E-01   2.496173804E-01  -1.635912817E+00   5.213075323E+00  -4.489841775E+01
   91   5.575580000E-01   2.431084932E-01  -1.615399570E+00   4.924274193E+00   1.265876271E+02
   92   5.615620000E-01   2.366812607E-01  -1.594668048E+00   5.213255313E+00   3.665593414E+01
   93   5.655660000E-01   2.303383915E-01  -1.573500340E+00   5.294523996E+00   1.242124642E+01
   94   5.695700000E-01   2.240806700E-01  -1.552201497E+00   5.168183252E+00   1.195033896E+02
   95   5.735740000E-01   2.179083619E-01  -1.530550151E+00   5.532192153E+00  -3.372716246E+01
   96   5.775780000E-01   2.118240243E-01  -1.508669611E+00   5.320979739E+00   9.079673485E+01
   97   5.815820000E-01   2.058269356E-01  -1.486636581E+00   5.512840119E+00   3.784193623E+01
   98   5.855860000E-01   1.999190386E-01  -1.464259828E+00   5.613648704E+00   1.529647452E-01
   99   5.895900000E-01   1.941011429E-01  -1.441781552E+00   5.493776316E+00   9.012040597E+01
  100   5.935940000E-01   1.883732519E-01  -1.419062066E+00   5.763693037E+00  -2.199449376E+01
  101   5.975980000E-01   1.827372939E-01  -1.396160547E+00   5.628308699E+00   5.744782908E+01
  102   6.016020000E-01   1.771927983E-01  -1.373164297E+00   5.737819964E+00   3.284426105E+01
  103   6.056060000E-01   1.717409942E-01  -1.349926786E+00   5.833589967E+00  -6.067224939E+00
  104   6.096100000E-01   1.663825846E-01  -1.326617726E+00   5.740333390E+00   5.773811072E+01
  105   6.136140000E-01   1.611174395E-01  -1.303170602E+00   5.908722441E+00  -1.068940146E+01
  106   6.176180000E-01   1.559467944E-01  -1.279597764E+00   5.843644406E+00   2.738096359E+01
  107   6.216220000E-01   1.508704206E-01  -1.255980326E+00   5.887108163E+00   2.219667472E+01
  108   6.256260000E-01   1.458889039E-01  -1.232230416E+00   5.955763146E+00  -7.046447970E+00
  109   6.296300000E-01   1.410027194E-01  -1.208440025E+00   4.413116718E+00   1.141736096E+03
  110   6.336340000E-01   1.362117162E-01  -1.181617740E+00   3.582666023E+00   7.146294767E+02
  111   6.386390000E-01   1.303575252E-01  -1.154735753E+00   5.960399087E+00   4.044329740E+00
  112   6.436440000E-01   1.246528113E-01  -1.124853300E+00   5.972374768E+00   9.104291415E-01
  113   6.486490000E-01   1.190977437E-01  -1.094950162E+00   5.990036094E+00  -8.765351427E+00
  114   6.536540000E-01   1.136923602E-01  -1.065079817E+00   5.958890750E+00   1.137835286E+00
  115   6.586590000E-01   1.084362947E-01  -1.035241317E+00   5.998048072E+00  -2.119525206E+01
  116   6.636640000E-01   1.033295946E-01  -1.005486558E+00   5.925353712E+00   1.182538890E+00
  117   6.686690000E-01   9.837137425E-02  -9.758153510E-01   5.984611632E+00  -3.315415478E+01
  118   6.736740000E-01   9.356168297E-02  -9.462776260E-01   5.872321807E+00   9.982784628E-01
  119   6.786790000E-01   8.889913522E-02  -9.168741519E-01   5.949984067E+00  -4.455424793E+01
  120   6.836840000E-01   8.438377271E-02  -8.876525241E-01   5.800416323E+00   5.424995009E-01
  121   6.886890000E-01   8.001373345E-02  -8.586146456E-01   5.894504862E+00  -5.531172785E+01
  122   6.936940000E-01   7.578904011E-02  -8.298054289E-01   5.710320174E+00  -2.230432025E-01
  123   6.986990000E-01   7.170738111E-02  -8.012280700E-01   5.818597202E+00  -6.534740158E+01
  124   7.037040000E-01   6.776874713E-02  -7.729244680E-01   5.602776397E+00  -1.331683473E+00
  125   7.087090000E-01   6.397040718E-02  -7.448992515E-01   5.722769472E+00  -7.458728828E+01
  126   7.137140000E-01   6.031230562E-02  -7.171909970E-01   5.478586641E+00  -2.811241283E+00
  127   7.187190000E-01   5.679132530E-02  -6.898058817E-01   5.607616776E+00  -8.296322247E+01
  128   7.237240000E-01   5.340734874E-02  -6.627788752E-01   5.338609664E+00  -4.683420760E+00
  129   7.287290000E-01   5.015690876E-02  -6.361177937E-01   5.473822431E+00  -9.041345541E+01
  130   7.337340000E-01   4.703980963E-02  -6.098537421E-01   5.183759820E+00  -6.963207799E+00
  131   7.387390000E-01   4.405227280E-02  -5.839962385E-01   5.322159485E+00  -9.688325765E+01
  132   7.437440000E-01   4.119400728E-02  -5.585722943E-01   5.015005558E+00  -9.658267762E+00
  133   7.487490000E-01   3.846096414E-02  -5.335931614E-01   5.153492217E+00  -1.023255217E+02
  134   7.537540000E-01   3.585273974E-02  -5.090815613E-01   4.833367913E+00  -1.276834347E+01
  135   7.587590000E-01   3.336505771E-02  -4.850504785E-01   4.968777648E+00  -1.067013633E+02
  136   7.637640000E-01   3.099738445E-02  -4.615181823E-01   3.734392688E+00   5.264883583E+02
  137   7.687690000E-01   2.874526071E-02  -4.362332736E-01   3.242677138E+00   2.850114343E+02
  138   7.747750000E-01   2.619401987E-02  -4.116172834E-01   4.446997662E+00  -3.153583429E+01
  139   7.807810000E-01   2.380091390E-02  -3.854773963E-01   4.516881184E+00  -9.797852293E+01
  140   7.867870000E-01   2.156366539E-02  -3.601161503E-01   4.236716054E+00  -5.601442350E+01
  141   7.927930000E-01   1.947519870E-02  -3.356807108E-01   4.133124611E+00  -6.028486919E+01
  142   7.987990000E-01   1.753146869E-02  -3.119444634E-01   4.095821200E+00  -1.019366660E+02
  143   8.048050000E-01   1.572812181E-02  -2.891834928E-01   3.758533380E+00  -3.539789767E+01
  144   8.108110000E-01   1.405779657E-02  -2.672481785E-01   3.839408396E+00  -1.111929063E+02
  145   8.168170000E-01   1.251793669E-02  -2.461941689E-01   3.503014033E+00  -5.435665985E+01
  146   8.228230000E-01   1.110051222E-02  -2.261354443E-01   2.916651838E+00   1.841748893E+02
  147   8.288290000E-01   9.801597730E-03  -2.052962517E-01   2.447562103E+00   1.015016619E+02
  148   8.358360000E-01   8.428992093E-03  -1.856544173E-01   3.455793839E+00  -2.286643238E+02
  149   8.428430000E-01   7.199836726E-03  -1.670531560E-01   3.876538012E+00  -3.130434421E+02
  150   8.488490000E-01   6.255129374E-03  -1.494167258E-01   2.818974705E+00  -9.783348420E+01
  151   8.548550000E-01   5.405043015E-03  -1.342504902E-01   2.508186489E+00  -4.042809889E+01
  152   8.608610000E-01   4.642512486E-03  -1.199154841E-01   2.936025418E+00  -2.945619565E+02
  153   8.668670000E-01   3.964618221E-03  -1.075944402E-01   2.972411791E+00  -2.654797619E+02
  154   8.718720000E-01   3.457790105E-03  -9.604265649E-02   2.707802627E+00  -3.723526322E+02
  155   8.768770000E-01   3.003231229E-03  -8.715382572E-02   2.687958705E+00  -2.984213760E+02
  156   8.808810000E-01   2.672621289E-03  -7.878338720E-02   2.522134374E+00  -4.725987473E+02
  157   8.848850000E-01   2.372333864E-03  -7.247311650E-02   2.936716652E+00  -6.949358775E+02
  158   8.878880000E-01   2.164802162E-03  -6.678762540E-02   1.411589447E+00   1.337318466E+02
  159   8.908910000E-01   1.971207386E-03  -6.194562479E-02   1.863349198E+00  -1.838447500E+02
  160   8.938940000E-01   1.792756739E-03  -5.717894395E-02   2.118584224E+00  -6.226695450E+02
  161   8.968970000E-01   1.627790649E-03  -5.362445531E-02   2.568595354E+00  -9.089847396E+02
  162   8.988990000E-01   1.524366340E-03  -5.030373465E-02   1.239819717E+00   1.732028044E+02
  163   9.009010000E-01   1.426374495E-03  -4.747451681E-02   1.604553895E+00  -2.001491040E+02
  164   9.029030000E-01   1.334278375E-03  -4.466329912E-02   1.471463508E+00  -2.008620640E+02
  165   9.049050000E-01   1.247542646E-03  -4.211995715E-02   1.337421557E+00  -2.008620640E+02
  166   9.069070000E-01   1.165630067E-03  -3.984496717E-02   1.021478181E+00   7.171749466E+01
  167   9.089090000E-01   1.088003397E-03  -3.765624585E-02   9.900807877E-01   1.904840307E+02
  168   9.109110000E-01   1.014854458E-03  -3.529237373E-02   1.918180882E+00  -1.009791320E+03
  169   9.129130000E-01   9.466927328E-04  -3.347579943E-02   3.506858532E+00  -3.671551248E+03
  170   9.139140000E-01   9.143266326E-04  -3.180488305E-02   1.119846599E+00  -1.892205806E+02
  171   9.149150000E-01   8.830193569E-04  -3.077871621E-02   1.056709999E+00  -1.892205806E+02
  172   9.159160000E-01   8.527076427E-04  -2.981574911E-02   9.935733984E-01  -1.892205806E+02
  173   9.169170000E-01   8.233282272E-04  -2.891598174E-02   9.304367980E-01  -1.892205806E+02
  174   9.179180000E-01   7.948178473E-04  -2.807941411E-02   7.587271644E-01   1.361731256E+02
  175   9.189190000E-01   7.671132401E-04  -2.725170542E-02   6.238383675E-01   6.766083797E+02
  176   9.199200000E-01   7.402599330E-04  -2.628826208E-02   1.118721956E+00  -1.299508374E+02
  177   9.209210000E-01   7.144841395E-04  -2.523352683E-02   1.090560640E+00  -1.755021288E+02
  178   9.219220000E-01   6.897424123E-04  -2.422980229E-02   1.032001430E+00  -1.755021288E+02
  179   9.229230000E-01   6.659760753E-04  -2.328469551E-02   9.734422199E-01  -1.755021288E+02
  180   9.239240000E-01   6.431264519E-04  -2.239820650E-02   9.148830096E-01  -1.755021288E+02
  181   9.249250000E-01   6.211348659E-04  -2.157033526E-02   8.563237993E-01  -1.755021288E+02
  182   9.259260000E-01   5.999426407E-04  -2.080108179E-02   7.977645890E-01  -1.755021288E+02
  183   9.269270000E-01   5.794911001E-04  -2.009044609E-02   7.392053787E-01  -1.755021288E+02
  184   9.279280000E-01   5.597215676E-04  -1.943842816E-02   6.042409850E-01   5.348443471E+01
  185   9.289290000E-01   5.405753669E-04  -1.880678721E-02   4.202042077E-01   6.585276425E+02
  186   9.299300000E-01   5.220703796E-04  -1.805624012E-02   8.881113700E-01  -8.526388277E+01
  187   9.309310000E-01   5.044267742E-04  -1.720995789E-02   8.844784607E-01  -1.596399253E+02
  188   9.319320000E-01   4.876160440E-04  -1.640457463E-02   8.312119389E-01  -1.596399253E+02
  189   9.329330000E-01   4.715848158E-04  -1.565251116E-02   7.779454172E-01  -1.596399253E+02
  190   9.339340000E-01   4.562797166E-04  -1.495376748E-02   7.246788954E-01  -1.596399253E+02
  191   9.349350000E-01   4.416473733E-04  -1.430834359E-02   6.714123737E-01  -1.596399253E+02
  192   9.359360000E-01   4.276344127E-04  -1.371623949E-02   6.181458520E-01  -1.596399253E+02
  193   9.369370000E-01   4.141874618E-04  -1.317745517E-02   5.648793302E-01  -1.596399253E+02
  194   9.379380000E-01   4.012531475E-04  -1.269199064E-02   4.611492951E-01  -8.400624490E+00
  195   9.389390000E-01   3.887780966E-04  -1.223458892E-02   2.527479857E-01   6.077780998E+02
  196   9.399400000E-01   3.767595005E-04  -1.167709105E-02   6.707554261E-01  -3.721335203E+01
  197   9.409410000E-01   3.654005603E-04  -1.102430878E-02   6.931579673E-01  -1.415671872E+02
  198   9.419420000E-01   3.546888343E-04  -1.040138288E-02   6.459217158E-01  -1.415671872E+02
  199   9.429430000E-01   3.445769918E-04  -9.825740477E-03   5.986854644E-01  -1.415671872E+02
  200   9.439440000E-01   3.350177019E-04  -9.297381559E-03   5.514492129E-01  -1.415671872E+02
  201   9.449450000E-01   3.259636339E-04  -8.816306128E-03   5.042129615E-01  -1.415671872E+02
  202   9.459460000E-01   3.173674570E-04  -8.382514185E-03   4.569767101E-01  -1.415671872E+02
  203   9.469470000E-01   3.091818405E-04  -7.996005730E-03   4.097404586E-01  -1.415671872E+02
  204   9.479480000E-01   3.013594535E-04  -7.656780762E-03   3.319229548E-01  -4.991508213E+01
  205   9.489490000E-01   2.938529654E-04  -7.349533366E-03   1.220942447E-01   5.290271088E+02
  206   9.499500000E-01   2.866456877E-04  -6.962274181E-03   4.718953388E-01   9.699290260E+00
  207   9.509510000E-01   2.799144925E-04  -6.485047597E-03   5.188141141E-01  -1.212171298E+02
  208   9.519520000E-01   2.736626225E-04  -6.026444512E-03   4.783679985E-01  -1.212171298E+02
  209   9.529530000E-01   2.678495506E-04  -5.608327988E-03   4.379218828E-01  -1.212171298E+02
  210   9.539540000E-01   2.624347498E-04  -5.230698026E-03   3.974757672E-01  -1.212171298E+02
  211   9.549550000E-01   2.573776931E-04  -4.893554626E-03   3.570296515E-01  -1.212171298E+02
  212   9.559560000E-01   2.526378535E-04  -4.596897787E-03   3.165835359E-01  -1.212171298E+02
  213   9.569570000E-01   2.481747038E-04  -4.340727510E-03   2.761374202E-01  -1.212171298E+02
  214   9.579580000E-01   2.439477170E-04  -4.125043795E-03   2.193214006E-01  -7.215647848E+01
  215   9.589590000E-01   2.399163661E-04  -3.941653505E-03   2.821358001E-02   4.284377541E+02
  216   9.599600000E-01   2.360565267E-04  -3.698764182E-03   2.973938729E-01   5.014136375E+01
  217   9.609610000E-01   2.325114402E-04  -3.375952067E-03   3.637287076E-01  -9.852297094E+01
  218   9.619620000E-01   2.292978706E-04  -3.061219689E-03   3.308548763E-01  -9.852297094E+01
  219   9.629630000E-01   2.263828784E-04  -2.779394015E-03   2.979810450E-01  -9.852297094E+01
  220   9.639640000E-01   2.237335238E-04  -2.530475047E-03   2.651072137E-01  -9.852297094E+01
  221   9.649650000E-01   2.213168673E-04  -2.314462784E-03   2.322333824E-01  -9.852297094E+01
  222   9.659660000E-01   2.190999693E-04  -2.131357226E-03   1.993595511E-01  -9.852297094E+01
  223   9.669670000E-01   2.170498902E-04  -1.981158373E-03   1.664857198E-01  -9.852297094E+01
  224   9.679680000E-01   2.151336903E-04  -1.863866225E-03   1.264052014E-01  -7.692450809E+01
  225   9.689690000E-01   2.133184300E-04  -1.775873835E-03  -2.961504344E-02   3.137441252E+02
  226   9.699700000E-01   2.115783908E-04  -1.648332530E-03   1.537604535E-01   7.791133648E+01
  227   9.709710000E-01   2.100184683E-04  -1.455384698E-03   2.302503999E-01  -7.341792567E+01
  228   9.719720000E-01   2.086647107E-04  -1.261686465E-03   2.057532854E-01  -7.341792567E+01
  229   9.729730000E-01   2.074925720E-04  -1.092509844E-03   1.812561708E-01  -7.341792567E+01
  230   9.739740000E-01   2.064775060E-04  -9.478548342E-04   1.567590563E-01  -7.341792567E+01
  231   9.749750000E-01   2.055949666E-04  -8.277214364E-04   1.322619418E-01  -7.341792567E+01
  232   9.759760000E-01   2.048204077E-04  -7.321096501E-04   1.077648272E-01  -7.341792567E+01
  233   9.769770000E-01   2.041292831E-04  -6.610194755E-04   8.326771270E-02  -7.341792567E+01
  234   9.779780000E-01   2.034970467E-04  -6.144509126E-04   5.654862149E-02  -6.675865490E+01
  235   9.789790000E-01   2.028991523E-04  -5.912918620E-04  -5.284196236E-02   1.943265979E+02
  236   9.799800000E-01   2.023132804E-04  -5.468289436E-04   4.817629351E-02   8.590118010E+01
  237   9.809810000E-01   2.018044008E-04  -4.555679396E-04   1.207946967E-01  -4.583521173E+01
  238   9.819820000E-01   2.014012333E-04  -3.576159122E-04   1.055010144E-01  -4.583521173E+01
  239   9.829830000E-01   2.010884537E-04  -2.749728609E-04   9.020733205E-02  -4.583521173E+01
  240   9.839840000E-01   2.008507377E-04  -2.076387855E-04   7.491364973E-02  -4.583521173E+01
  241   9.849850000E-01   2.006727609E-04  -1.556136861E-04   5.961996742E-02  -4.583521173E+01
  242   9.859860000E-01   2.005391991E-04  -1.188975627E-04   4.432628511E-02  -4.583521173E+01
  243   9.869870000E-01   2.004347280E-04  -9.749041530E-05   2.903260279E-02  -4.583521173E+01
  244   9.879880000E-01   2.003440233E-04  -9.139224390E-05   1.343963789E-02  -4.493826092E+01
  245   9.889890000E-01   2.002517607E-04  -1.004532576E-04  -4.525895114E-02   8.604332539E+01
  246   9.899900000E-01   2.001429158E-04  -1.026497186E-04  -1.034975894E-02   6.746369714E+01
  247   9.909910000E-01   2.000462560E-04  -7.921048130E-05   4.082232773E-02  -1.843550282E+01
  248   9.919920000E-01   1.999843365E-04  -4.758352738E-05   3.467101495E-02  -1.843550282E+01
  249   9.929930000E-01   1.999509937E-04  -2.211403754E-05   2.851970218E-02  -1.843550282E+01
  250   9.939940000E-01   1.999400642E-04  -2.802011792E-06   2.236838940E-02  -1.843550282E+01
  251   9.949950000E-01   1.999453841E-04   1.035254987E-05   1.621707663E-02  -1.843550282E+01
  252   9.959960000E-01   1.999607900E-04   1.734964744E-05   1.006576385E-02  -1.843550282E+01
  253   9.969970000E-01   1.999801181E-04   1.818928092E-05   3.914451076E-03  -1.843550282E+01
  254   9.979980000E-01   1.999972049E-04   1.287145031E-05  -2.236861700E-03  -1.843550282E+01
  255   9.989990000E-01   2.000058867E-04   1.396155620E-06   5.962936133E+00  -1.791451235E+04
  256   1.000000000E+00   2.000000000E-04  -3.004884419E-03  -1.251595709E+01   1.955227367E+04
  257   1.001001000E+00   1.939901081E-04  -5.737658579E-03   7.793940547E-01  -7.416598783E+02
  258   1.002002000E+00   1.885132075E-04  -5.329057100E-03   2.959401321E-01  -3.440690157E+01
  259   1.003003000E+00   1.833213358E-04  -5.050058903E-03   2.857352999E-01  -3.822989063E+01
  260   1.004004000E+00   1.784029896E-04  -4.783191062E-03   2.742548638E-01  -4.205287970E+01
  261   1.005005000E+00   1.737453873E-04  -4.529730457E-03   2.551208035E-01  -2.676092344E+01
  262   1.006006000E+00   1.693344692E-04  -4.287761769E-03   2.512939914E-01  -4.205287970E+01
  263   1.007007000E+00   1.651612882E-04  -4.057284997E-03   2.321599312E-01  -2.676092344E+01
  264   1.008008000E+00   1.612117847E-04  -3.838300142E-03   2.257819111E-01  -3.440690157E+01
  265   1.009009000E+00   1.574770114E-04  -3.629530324E-03   2.130258709E-01  -3.058391251E+01
  266   1.010010000E+00   1.539454650E-04  -3.431613983E-03   2.015454348E-01  -2.676092345E+01
  267   1.011011000E+00   1.506069202E-04  -3.243274239E-03   1.938918107E-01  -3.058391250E+01
  268   1.012012000E+00   1.474524299E-04  -3.064511092E-03   1.811357705E-01  -2.293793438E+01
  269   1.013013000E+00   1.444717690E-04  -2.894686102E-03   1.760333544E-01  -3.058391251E+01
  270   1.014014000E+00   1.416572683E-04  -2.733799270E-03   1.632773142E-01  -2.293793438E+01
  271   1.015015000E+00   1.389987028E-04  -2.581850595E-03   1.543480861E-01  -1.911494532E+01
  272   1.016016000E+00   1.364884035E-04  -2.436924758E-03   1.505212741E-01  -2.676092344E+01
  273   1.017017000E+00   1.341199795E-04  -2.299660198E-03   1.403164419E-01  -2.293793438E+01
  274   1.018018000E+00   1.318844837E-04  -2.170695357E-03   1.288360058E-01  -1.146896719E+01
  275   1.019019000E+00   1.297742474E-04  -2.047476473E-03   1.301116098E-01  -2.676092345E+01
  276   1.020020000E+00   1.277854358E-04  -1.930641988E-03   1.186311736E-01  -1.911494532E+01
  277   1.021021000E+00   1.259091021E-04  -1.821468780E-03   1.097019455E-01  -1.146896719E+01
  278   1.022022000E+00   1.241388553E-04  -1.717403091E-03   1.084263415E-01  -1.911494532E+01
  279   1.023023000E+00   1.224708611E-04  -1.618444920E-03   1.007727174E-01  -1.529195625E+01
  280   1.024024000E+00   1.208987286E-04  -1.525232708E-03   9.694590533E-02  -1.911494532E+01
  281   1.025025000E+00   1.194173452E-04  -1.437766454E-03   8.674107319E-02  -7.645978128E+00
  282   1.026026000E+00   1.180203202E-04  -1.354769278E-03   8.801667721E-02  -1.911494532E+01
  283   1.027027000E+00   1.167050971E-04  -1.276241182E-03   7.781184507E-02  -7.645978128E+00
  284   1.028028000E+00   1.154652853E-04  -1.202182164E-03   7.781184507E-02  -1.529195625E+01
  285   1.029029000E+00   1.142983284E-04  -1.131953784E-03   7.143382498E-02  -1.146896719E+01
  286   1.030030000E+00   1.131991139E-04  -1.066194484E-03   6.760701293E-02  -1.146896719E+01
  287   1.031031000E+00   1.121638071E-04  -1.004265822E-03   6.250459686E-02  -7.645978127E+00
  288   1.032032000E+00   1.111885737E-04  -9.455293597E-04   6.122899284E-02  -1.146896719E+01
  289   1.033033000E+00   1.102708573E-04  -8.899850962E-04   5.612657677E-02  -7.645978126E+00
  290   1.034034000E+00   1.094068235E-04  -8.376330317E-04   5.357536874E-02  -7.645978127E+00
  291   1.035035000E+00   1.085939160E-04  -7.878347265E-04   5.229976472E-02  -1.146896719E+01
  292   1.036036000E+00   1.078295784E-04  -7.412286203E-04   4.719734865E-02  -7.645978127E+00
  293   1.037037000E+00   1.071099763E-04  -6.978147132E-04   4.337053659E-02  -3.822989063E+00
  294   1.038038000E+00   1.064325533E-04  -6.563161255E-04   4.464614061E-02  -1.146896719E+01
  295   1.039039000E+00   1.057960314E-04  -6.173712970E-04   3.826812052E-02  -3.822989063E+00
  296   1.040040000E+00   1.051965760E-04  -5.809802278E-04   3.826812052E-02  -7.645978127E+00
  297   1.041041000E+00   1.046329090E-04  -5.465044780E-04   3.444130847E-02  -3.822989063E+00
  298   1.042042000E+00   1.041024740E-04  -5.139440477E-04   3.444130847E-02  -7.645978127E+00
  299   1.043043000E+00   1.036039930E-04  -4.832989367E-04   2.933889240E-02  -4.025177701E-11
  300   1.044044000E+00   1.031349096E-04  -4.539307054E-04   3.316570445E-02  -1.146896719E+01
  301   1.045045000E+00   1.026952237E-04  -4.264777936E-04   2.678768437E-02  -3.822989063E+00
  302   1.046046000E+00   1.022811010E-04  -4.015786410E-04   2.423647633E-02  -4.025177701E-11
  303   1.047047000E+00   1.018912633E-04  -3.773179282E-04   2.678768437E-02  -7.645978127E+00
  304   1.048048000E+00   1.015257105E-04  -3.543340950E-04   2.296087231E-02  -3.822989063E+00
  305   1.049049000E+00   1.011818864E-04  -3.332655812E-04   2.168526830E-02  -3.822989064E+00
  306   1.050050000E+00   1.008585128E-04  -3.134739471E-04   1.913406026E-02  -8.115277623E-11
  307   1.051051000E+00   1.005543116E-04  -2.943207528E-04   2.040966428E-02  -3.822989063E+00
  308   1.052052000E+00   1.002692827E-04  -2.758059982E-04   2.040966428E-02  -7.645978127E+00
  309   1.053053000E+00   1.000021480E-04  -2.592065632E-04   1.530724821E-02   8.115277623E-11
  310   1.054054000E+00   9.975035115E-05  -2.438840077E-04   1.658285223E-02  -3.822989063E+00
  311   1.055055000E+00   9.951389219E-05  -2.291998921E-04   1.403164419E-02  -1.025771092E-10
  312   1.056056000E+00   9.929149296E-05  -2.151542162E-04   1.658285223E-02  -7.645978127E+00
  313   1.057057000E+00   9.908315345E-05  -2.023854200E-04   8.929228122E-03   7.645978127E+00
  314   1.058058000E+00   9.888631735E-05  -1.896166238E-04   1.785845624E-02  -1.146896719E+01
  315   1.059059000E+00   9.870354097E-05  -1.774862674E-04   1.020483214E-02  -8.082816513E-11
  316   1.060060000E+00   9.853098984E-05  -1.672712304E-04   1.020483214E-02   8.115277623E-11
  317   1.061061000E+00   9.836866397E-05  -1.570561934E-04   1.148043616E-02  -3.822989063E+00
  318   1.062062000E+00   9.821656335E-05  -1.474795963E-04   8.929228122E-03  -9.186494269E-11
  319   1.063063000E+00   9.807340982E-05  -1.385414389E-04   8.929228122E-03   1.778868855E-10
  320   1.064064000E+00   9.793920338E-05  -1.296032816E-04   1.020483214E-02  -3.822989063E+00
  321   1.065065000E+00   9.781394405E-05  -1.213035640E-04   8.929228122E-03  -3.822989063E+00
  322   1.066066000E+00   9.769635365E-05  -1.142807261E-04   5.102416070E-03   3.822989063E+00
  323   1.067067000E+00   9.758515403E-05  -1.072578882E-04   1.020483214E-02  -7.645978127E+00
  324   1.068068000E+00   9.748162336E-05  -1.008734901E-04   2.551208035E-03   7.645978127E+00
  325   1.069069000E+00   9.738320531E-05  -9.448909199E-05   1.020483214E-02  -7.645978127E+00
  326   1.070070000E+00   9.729245620E-05  -8.810469388E-05   5.102416070E-03  -5.534619339E-11
  327   1.071071000E+00   9.720681971E-05  -8.299717540E-05   5.102416070E-03   1.473734416E-10
  328   1.072072000E+00   9.712629585E-05  -7.788965691E-05   5.102416070E-03  -1.327659419E-10
  329   1.073073000E+00   9.705088462E-05  -7.278213843E-05   6.378020087E-03  -3.822989063E+00
  330   1.074074000E+00   9.698058601E-05  -6.831305975E-05   3.826812053E-03  -8.099047068E-11
  331   1.075075000E+00   9.691412187E-05  -6.448242089E-05   2.551208035E-03   3.822989063E+00
  332   1.076076000E+00   9.685149220E-05  -6.001334221E-05   7.653624105E-03  -7.645978127E+00
  333   1.077077000E+00   9.679397516E-05  -5.618270335E-05   1.275604018E-03   3.822989063E+00
  334   1.078078000E+00   9.673901443E-05  -5.299050429E-05   3.826812052E-03   6.784372093E-11
  335   1.079079000E+00   9.668788817E-05  -4.915986543E-05   5.102416070E-03  -3.822989063E+00
  336   1.080080000E+00   9.664059638E-05  -4.596766637E-05   2.551208035E-03   0.000000000E+00
  337   1.081081000E+00   9.659586090E-05  -4.341390713E-05   2.551208035E-03   0.000000000E+00
  338   1.082082000E+00   9.655368174E-05  -4.086014789E-05   2.551208035E-03   0.000000000E+00
  339   1.083083000E+00   9.651405889E-05  -3.830638865E-05   2.551208035E-03   0.000000000E+00
  340   1.084084000E+00   9.647699235E-05  -3.575262940E-05   2.551208035E-03   4.049523534E-11
  341   1.085085000E+00   9.644248212E-05  -3.319887016E-05   3.826812053E-03  -3.822989064E+00
  342   1.086086000E+00   9.641052821E-05  -3.128355073E-05  -4.742707555E-14   3.822989063E+00
  343   1.087087000E+00   9.637985245E-05  -2.936823129E-05   3.826812052E-03  -3.822989063E+00
  344   1.088088000E+00   9.635173301E-05  -2.745291186E-05   4.058988653E-14   3.822989063E+00
  345   1.089089000E+00   9.632489172E-05  -2.553759243E-05   3.826812052E-03  -3.822989063E+00
  346   1.090090000E+00   9.630060675E-05  -2.362227300E-05   1.275604018E-03  -8.107162345E-11
  347   1.091091000E+00   9.627759993E-05  -2.234539338E-05   1.275604017E-03   8.107162345E-11
  348   1.092092000E+00   9.625587127E-05  -2.106851375E-05   1.275604018E-03  -9.417779682E-11
  349   1.093093000E+00   9.623542077E-05  -1.979163413E-05   1.275604017E-03   1.065130188E-10
  350   1.094094000E+00   9.621624842E-05  -1.851475451E-05   1.275604018E-03  -5.283045733E-11
  351   1.095095000E+00   9.619835423E-05  -1.723787489E-05   1.275604018E-03  -4.053581173E-11
  352   1.096096000E+00   9.618173820E-05  -1.596099527E-05   1.275604017E-03   8.107162345E-11
  353   1.097097000E+00   9.616640032E-05  -1.468411565E-05   2.551208035E-03  -3.822989063E+00
  354   1.098098000E+00   9.615234060E-05  -1.404567584E-05   6.769494084E-18   0.000000000E+00
  355   1.099099000E+00   9.613828087E-05   0.000000000E+00   0.000000000E+00   0.000000000E+00
