    1   0.000000000E+00   0.000000000E+00  -5.878800184E-01   1.093461706E+02  -3.247581267E+04
    2   1.010101010E-02  -5.938182004E-03  -1.140133405E+00  -1.196033800E+02   3.046391185E+03
    3   2.020202020E-02  -2.303299809E-02  -2.192836091E+00  -1.089202400E+02   2.919889807E+03
    4   3.030303030E-02  -5.023790102E-02  -3.144081766E+00  -9.867045107E+01   2.795592287E+03
    5   4.040404040E-02  -8.654980145E-02  -3.998135283E+00  -8.884659265E+01   2.673498623E+03
    6   5.050505051E-02  -1.310083108E-01  -4.759186539E+00  -7.944124440E+01   2.553608815E+03
    7   6.060606061E-02  -1.826949841E-01  -5.431350480E+00  -7.044698593E+01   2.435922865E+03
    8   7.070707071E-02  -2.407325629E-01  -6.018667098E+00  -6.185639684E+01   2.320440771E+03
    9   8.080808081E-02  -3.042842184E-01  -6.525101432E+00  -5.366205675E+01   2.207162534E+03
   10   9.090909091E-02  -3.725527938E-01  -6.954543565E+00  -4.585654525E+01   2.096088154E+03
   11   1.010101010E-01  -4.447800480E-01  -7.310808630E+00  -3.843244196E+01   1.987217631E+03
   12   1.111111111E-01  -5.202458975E-01  -7.597636805E+00  -3.138232648E+01   1.880550964E+03
   13   1.212121212E-01  -5.982676602E-01  -7.818693313E+00  -2.469877842E+01   1.776088154E+03
   14   1.313131313E-01  -6.781992977E-01  -7.977568427E+00  -1.837437738E+01   1.673829201E+03
   15   1.414141414E-01  -7.594306587E-01  -8.077777462E+00  -1.240170298E+01   1.573774105E+03
   16   1.515151515E-01  -8.413867212E-01  -8.122760785E+00  -6.773334817E+00   1.475922865E+03
   17   1.616161616E-01  -9.235268362E-01  -8.115883804E+00  -1.481852501E+00   1.380275482E+03
   18   1.717171717E-01  -1.005343970E+00  -8.060436978E+00   3.480164362E+00   1.286831956E+03
   19   1.818181818E-01  -1.086363947E+00  -7.959635810E+00   8.120136164E+00   1.195592287E+03
   20   1.919191919E-01  -1.166144693E+00  -7.816620850E+00   1.244548330E+01   1.106556474E+03
   21   2.020202020E-01  -1.244275479E+00  -7.634457695E+00   1.646362616E+01   1.019724518E+03
   22   2.121212121E-01  -1.320376162E+00  -7.416136988E+00   2.018198514E+01   9.350964187E+02
   23   2.222222222E-01  -1.394096428E+00  -7.164574419E+00   2.360798063E+01   8.526721763E+02
   24   2.323232323E-01  -1.465115039E+00  -6.882610724E+00   2.674903303E+01   7.724517906E+02
   25   2.424242424E-01  -1.533139069E+00  -6.573011687E+00   2.961256273E+01   6.944352617E+02
   26   2.525252525E-01  -1.597903154E+00  -6.238468136E+00   3.220599011E+01   6.186225895E+02
   27   2.626262626E-01  -1.659168729E+00  -5.881595948E+00   3.453673558E+01   5.450137741E+02
   28   2.727272727E-01  -1.716723274E+00  -5.504936045E+00   3.661221953E+01   4.736088154E+02
   29   2.828282828E-01  -1.770379558E+00  -5.110954396E+00   3.843986235E+01   4.044077135E+02
   30   2.929292929E-01  -1.819974878E+00  -4.702042017E+00   4.002708443E+01   3.374104683E+02
   31   3.030303030E-01  -1.865370306E+00  -4.280514969E+00   4.138130617E+01   2.726170799E+02
   32   3.131313131E-01  -1.906449928E+00  -3.848614362E+00   4.250994796E+01   2.100275482E+02
   33   3.232323232E-01  -1.943120091E+00  -3.408506350E+00   4.342043020E+01   1.496418733E+02
   34   3.333333333E-01  -1.975308642E+00  -2.962282136E+00   4.412017327E+01   9.146005509E+01
   35   3.434343434E-01  -2.002964174E+00  -2.511957967E+00   4.461659756E+01   3.548209368E+01
   36   3.535353535E-01  -2.026055268E+00  -2.059475138E+00   4.491712348E+01  -1.829201103E+01
   37   3.636363636E-01  -2.044569733E+00  -1.606699990E+00   4.502917142E+01  -6.986225895E+01
   38   3.737373737E-01  -2.058513853E+00  -1.155423912E+00   4.496016176E+01  -1.192286501E+02
   39   3.838383838E-01  -2.067911630E+00  -7.073633379E-01   4.471751491E+01  -1.663911846E+02
   40   3.939393939E-01  -2.072804022E+00  -2.641597481E-01   4.430865125E+01  -2.113498623E+02
   41   4.040404040E-01  -2.073248190E+00   1.726203297E-01   4.374099118E+01  -2.541046832E+02
   42   4.141414141E-01  -2.069316742E+00   6.014853216E-01   4.302195509E+01  -2.946556474E+02
   43   4.242424242E-01  -2.061096972E+00   1.021018607E+00   4.215896337E+01  -3.330027548E+02
   44   4.343434343E-01  -2.048690104E+00   1.429878519E+00   4.115943642E+01  -3.691460055E+02
   45   4.444444444E-01  -2.032210537E+00   1.826798344E+00   4.003079463E+01  -4.030853994E+02
   46   4.545454545E-01  -2.011785087E+00   2.210586321E+00   3.878045839E+01  -4.348209366E+02
   47   4.646464646E-01  -1.987552227E+00   2.580125645E+00   3.741584810E+01  -4.643526171E+02
   48   4.747474747E-01  -1.959661336E+00   2.934374462E+00   3.594438415E+01  -4.916804408E+02
   49   4.848484848E-01  -1.928271935E+00   3.272365872E+00   3.437348694E+01  -5.168044077E+02
   50   4.949494949E-01  -1.893552935E+00   3.593207929E+00   3.271057684E+01  -5.397245179E+02
   51   5.050505051E-01  -1.855681876E+00   3.896083641E+00   3.096307427E+01  -5.604407714E+02
   52   5.151515152E-01  -1.814844174E+00   4.180250967E+00   2.913839961E+01  -5.789531680E+02
   53   5.252525253E-01  -1.771232362E+00   4.445042823E+00   2.724397325E+01  -5.952617080E+02
   54   5.353535354E-01  -1.725045330E+00   4.689867075E+00   2.528721559E+01  -6.093663912E+02
   55   5.454545455E-01  -1.676487572E+00   4.914206546E+00   2.327554702E+01  -6.212672176E+02
   56   5.555555556E-01  -1.625768430E+00   5.117619008E+00   2.121638794E+01  -6.309641873E+02
   57   5.656565657E-01  -1.573101330E+00   5.299737191E+00   1.911715873E+01  -6.384573003E+02
   58   5.757575758E-01  -1.518703032E+00   5.460268776E+00   1.698527979E+01  -6.437465564E+02
   59   5.858585859E-01  -1.462792870E+00   5.598996398E+00   1.482817152E+01  -6.468319560E+02
   60   5.959595960E-01  -1.405591993E+00   5.715777645E+00   1.265325431E+01  -6.477134986E+02
   61   6.060606061E-01  -1.347322614E+00   5.810545059E+00   1.046794854E+01  -6.463911846E+02
   62   6.161616162E-01  -1.288207245E+00   5.883306136E+00   8.279674616E+00  -6.428650138E+02
   63   6.262626263E-01  -1.228467945E+00   5.934143324E+00   6.095852927E+00  -6.371349862E+02
   64   6.363636364E-01  -1.168325561E+00   5.963214026E+00   3.923903869E+00  -6.292011020E+02
   65   6.464646465E-01  -1.107998974E+00   5.970750597E+00   1.771247832E+00  -6.190633609E+02
   66   6.565656566E-01  -1.047704337E+00   5.957060346E+00  -3.546947899E-01  -6.067217631E+02
   67   6.666666667E-01  -9.876543210E-01   5.922525537E+00  -2.446503604E+00  -5.921763085E+02
   68   6.767676768E-01  -9.280573567E-01   5.867603385E+00  -4.496758216E+00  -5.754269973E+02
   69   6.868686869E-01  -8.691168789E-01   5.792826060E+00  -6.498038234E+00  -5.564738292E+02
   70   6.969696970E-01  -8.110305677E-01   5.698800685E+00  -8.442923264E+00  -5.353168044E+02
   71   7.070707071E-01  -7.539895923E-01   5.586209337E+00  -1.032399291E+01  -5.119559230E+02
   72   7.171717172E-01  -6.981778538E-01   5.455809045E+00  -1.213382679E+01  -4.863911845E+02
   73   7.272727273E-01  -6.437712277E-01   5.308431793E+00  -1.386500450E+01  -4.586225895E+02
   74   7.373737374E-01  -5.909368074E-01   5.144984519E+00  -1.551010565E+01  -4.286501378E+02
   75   7.474747475E-01  -5.398321466E-01   4.966449111E+00  -1.706170984E+01  -3.964738292E+02
   76   7.575757576E-01  -4.906045022E-01   4.773882415E+00  -1.851239669E+01  -3.620936639E+02
   77   7.676767677E-01  -4.433900776E-01   4.568416227E+00  -1.985474580E+01  -3.255096420E+02
   78   7.777777778E-01  -3.983132653E-01   4.351257299E+00  -2.108133678E+01  -2.867217630E+02
   79   7.878787879E-01  -3.554858897E-01   4.123687334E+00  -2.218474924E+01  -2.457300276E+02
   80   7.979797980E-01  -3.150064504E-01   3.887062991E+00  -2.315756277E+01  -2.025344353E+02
   81   8.080808081E-01  -2.769593646E-01   3.642815881E+00  -2.399235700E+01  -1.571349860E+02
   82   8.181818182E-01  -2.414142104E-01   3.392452567E+00  -2.468171151E+01  -1.095316806E+02
   83   8.282828283E-01  -2.084249693E-01   3.137554569E+00  -2.521820594E+01  -5.972451782E+01
   84   8.383838384E-01  -1.780292696E-01   2.879778358E+00  -2.559441986E+01  -7.713498591E+00
   85   8.484848485E-01  -1.502476288E-01   2.620855358E+00  -2.580293291E+01   4.650137727E+01
   86   8.585858586E-01  -1.250826967E-01   2.362591950E+00  -2.583632468E+01   1.029201105E+02
   87   8.686868687E-01  -1.025184985E-01   2.106869463E+00  -2.568717478E+01   1.615426995E+02
   88   8.787878788E-01  -8.251967727E-02   1.855644185E+00  -2.534806281E+01   2.223691460E+02
   89   8.888888889E-01  -6.503073718E-02   1.610947353E+00  -2.481156839E+01   2.853994493E+02
   90   8.989898990E-01  -4.997528629E-02   1.374885161E+00  -2.407027112E+01   3.506336087E+02
   91   9.090909091E-01  -3.725527938E-02   1.149638754E+00  -2.311675061E+01   4.180716253E+02
   92   9.191919192E-01  -2.675026095E-02   9.374642312E-01  -2.194358646E+01   4.877134988E+02
   93   9.292929293E-01  -1.831660805E-02   7.406926456E-01  -2.054335828E+01   5.595592283E+02
   94   9.393939394E-01  -1.178677316E-02   5.617300034E-01  -1.890864569E+01   6.336088157E+02
   95   9.494949495E-01  -6.968527169E-03   4.030572644E-01  -1.703202827E+01   7.098622589E+02
   96   9.595959596E-01  -3.644202166E-03   2.672303417E-01  -1.490608565E+01   7.883195591E+02
   97   9.696969697E-01  -1.569934407E-03   1.568801020E-01  -1.252339743E+01   8.689807163E+02
   98   9.797979798E-01               NaN               NaN               NaN               NaN
   99   9.898989899E-01               NaN               NaN               NaN               NaN
  100   1.000000000E+00               NaN   0.000000000E+00   0.000000000E+00   0.000000000E+00
