    1   0.000000000E+00   1.000000000E+00  -1.994604360E-03   1.148948662E+00  -3.412377525E+02
    2   1.010101010E-02   9.999798525E-01  -7.797375378E-03  -9.660762593E-02  -3.125452876E+02
    3   2.020202020E-02   9.998424773E-01  -2.471777113E-02  -1.250399426E+00  -2.824144104E+02
    4   3.030303030E-02   9.994805036E-01  -5.175549671E-02  -2.298475610E+00  -2.535501943E+02
    5   4.040404040E-02   9.987969117E-01  -8.790733658E-02  -3.245175982E+00  -2.259303782E+02
    6   5.050505051E-02   9.977045978E-01  -1.322127760E-01  -4.094765395E+00  -1.995327007E+02
    7   6.060606061E-02   9.961259465E-01  -1.837532437E-01  -4.851433747E+00  -1.743349009E+02
    8   7.070707071E-02   9.939924110E-01  -2.416513553E-01  -5.519295984E+00  -1.503147174E+02
    9   8.080808081E-02   9.912441009E-01  -3.050701555E-01  -6.102392097E+00  -1.274498892E+02
   10   9.090909091E-02   9.878293776E-01  -3.732123616E-01  -6.604687125E+00  -1.057181549E+02
   11   1.010101010E-01   9.837044573E-01  -4.453196061E-01  -7.030071153E+00  -8.509725353E+01
   12   1.111111111E-01   9.788330219E-01  -5.206716794E-01  -7.382359313E+00  -6.556492380E+01
   13   1.212121212E-01   9.731858375E-01  -5.985857733E-01  -7.665291781E+00  -4.709890456E+01
   14   1.313131313E-01   9.667403800E-01  -6.784157231E-01  -7.882533782E+00  -2.967693464E+01
   15   1.414141414E-01   9.594804693E-01  -7.595512513E-01  -8.037675589E+00  -1.327675283E+01
   16   1.515151515E-01   9.513959103E-01  -8.414172099E-01  -8.134232517E+00   2.123902010E+00
   17   1.616161616E-01   9.424821419E-01  -9.234728234E-01  -8.175644931E+00   1.654729110E+01
   18   1.717171717E-01   9.327398937E-01  -1.005210932E+00  -8.165278242E+00   3.001567558E+01
   19   1.818181818E-01   9.221748503E-01  -1.086157234E+00  -8.106422907E+00   4.255131666E+01
   20   1.919191919E-01   9.107973233E-01  -1.165869530E+00  -8.002294430E+00   5.417647550E+01
   21   2.020202020E-01   8.986219305E-01  -1.243936963E+00  -7.856033360E+00   6.491341329E+01
   22   2.121212121E-01   8.856672836E-01  -1.319979264E+00  -7.670705295E+00   7.478439120E+01
   23   2.222222222E-01   8.719556828E-01  -1.393645995E+00  -7.449300877E+00   8.381167042E+01
   24   2.323232323E-01   8.575128191E-01  -1.464615789E+00  -7.194735797E+00   9.201751213E+01
   25   2.424242424E-01   8.423674850E-01  -1.532595596E+00  -6.909850791E+00   9.942417750E+01
   26   2.525252525E-01   8.265512919E-01  -1.597319924E+00  -6.597411642E+00   1.060539277E+02
   27   2.626262626E-01   8.100983956E-01  -1.658550083E+00  -6.260109180E+00   1.119290239E+02
   28   2.727272727E-01   7.930452296E-01  -1.716073427E+00  -5.900559279E+00   1.170717274E+02
   29   2.828282828E-01   7.754302456E-01  -1.769702598E+00  -5.521302863E+00   1.215042992E+02
   30   2.929292929E-01   7.572936620E-01  -1.819274768E+00  -5.124805900E+00   1.252490006E+02
   31   3.030303030E-01   7.386772200E-01  -1.864650881E+00  -4.713459407E+00   1.283280927E+02
   32   3.131313131E-01   7.196239472E-01  -1.905714898E+00  -4.289579446E+00   1.307638367E+02
   33   3.232323232E-01   7.001779291E-01  -1.942373040E+00  -3.855407124E+00   1.325784938E+02
   34   3.333333333E-01   6.803840878E-01  -1.974553028E+00  -3.413108597E+00   1.337943253E+02
   35   3.434343434E-01   6.602879689E-01  -2.002203328E+00  -2.964775067E+00   1.344335921E+02
   36   3.535353535E-01   6.399355357E-01  -2.025292394E+00  -2.512422782E+00   1.345185556E+02
   37   3.636363636E-01   6.193729711E-01  -2.043807910E+00  -2.057993037E+00   1.340714769E+02
   38   3.737373737E-01   5.986464870E-01  -2.057756035E+00  -1.603352173E+00   1.331146172E+02
   39   3.838383838E-01   5.778021421E-01  -2.067160642E+00  -1.150291578E+00   1.316702377E+02
   40   3.939393939E-01   5.568856660E-01  -2.072062565E+00  -7.005276859E-01   1.297605996E+02
   41   4.040404040E-01   5.359422923E-01  -2.072518839E+00  -2.557019782E-01   1.274079639E+02
   42   4.141414141E-01   5.150165985E-01  -2.068601944E+00   1.826190180E-01   1.246345920E+02
   43   4.242424242E-01   4.941523540E-01  -2.060399049E+00   6.129437286E-01   1.214627450E+02
   44   4.343434343E-01   4.733923753E-01  -2.048011252E+00   1.033855533E+00   1.179146840E+02
   45   4.444444444E-01   4.527783893E-01  -2.031552825E+00   1.444012765E+00   1.140126703E+02
   46   4.545454545E-01   4.323509041E-01  -2.011150458E+00   1.842148709E+00   1.097789650E+02
   47   4.646464646E-01   4.121490871E-01  -1.986942499E+00   2.227071607E+00   1.052358294E+02
   48   4.747474747E-01   3.922106516E-01  -1.959078199E+00   2.597664652E+00   1.004055245E+02
   49   4.848484848E-01   3.725717498E-01  -1.927716954E+00   2.952885990E+00   9.531031156E+01
   50   4.949494949E-01   3.532668747E-01  -1.893027548E+00   3.291768722E+00   8.997245179E+01
   51   5.050505051E-01   3.343287690E-01  -1.855187396E+00   3.613420901E+00   8.441420635E+01
   52   5.151515152E-01   3.157883415E-01  -1.814381787E+00   3.917025535E+00   7.865783639E+01
   53   5.252525253E-01   2.976745915E-01  -1.770803127E+00   4.201840584E+00   7.272560315E+01
   54   5.353535354E-01   2.800145409E-01  -1.724650182E+00   4.467198963E+00   6.663976773E+01
   55   5.454545455E-01   2.628331737E-01  -1.676127319E+00   4.712508539E+00   6.042259139E+01
   56   5.555555556E-01   2.461533830E-01  -1.625443752E+00   4.937252134E+00   5.409633525E+01
   57   5.656565657E-01   2.299959262E-01  -1.572812782E+00   5.140987521E+00   4.768326053E+01
   58   5.757575758E-01   2.143793874E-01  -1.518451044E+00   5.323347429E+00   4.120562836E+01
   59   5.858585859E-01   1.993201475E-01  -1.462577745E+00   5.484039539E+00   3.468569997E+01
   60   5.959595960E-01   1.848323622E-01  -1.405413908E+00   5.622846487E+00   2.814573652E+01
   61   6.060606061E-01   1.709279473E-01  -1.347181618E+00   5.739625860E+00   2.160799919E+01
   62   6.161616162E-01   1.576165720E-01  -1.288103263E+00   5.834310201E+00   1.509474915E+01
   63   6.262626263E-01   1.449056592E-01  -1.228400775E+00   5.906907005E+00   8.628247566E+00
   64   6.363636364E-01   1.328003947E-01  -1.168294876E+00   5.957498720E+00   2.230755688E+00
   65   6.464646465E-01   1.213037425E-01  -1.108004319E+00   5.986242749E+00  -4.075465408E+00
   66   6.565656566E-01   1.104164690E-01  -1.047745131E+00   5.993371449E+00  -1.026815445E+01
   67   6.666666667E-01   1.001371742E-01  -9.877298574E-01   5.979192127E+00  -1.632505031E+01
   68   6.767676768E-01   9.046233051E-02  -9.281668031E-01   5.944087047E+00  -2.222389182E+01
   69   6.868686869E-01   8.138632970E-02  -8.692592761E-01   5.888513424E+00  -2.794241774E+01
   70   6.969696970E-01   7.290153706E-02  -8.112048307E-01   5.813003429E+00  -3.345836697E+01
   71   7.070707071E-01   6.499835333E-02  -7.541945097E-01   5.718164184E+00  -3.874947824E+01
   72   7.171717172E-01   5.766528434E-02  -6.984120880E-01   5.604677767E+00  -4.379349046E+01
   73   7.272727273E-01   5.088901822E-02  -6.440333150E-01   5.473301206E+00  -4.856814241E+01
   74   7.373737374E-01   4.465451030E-02  -5.912251579E-01   5.324866486E+00  -5.305117288E+01
   75   7.474747475E-01   3.894507563E-02  -5.401450441E-01   5.160280543E+00  -5.722032074E+01
   76   7.575757576E-01   3.374248920E-02  -4.909401044E-01   4.980525268E+00  -6.105332480E+01
   77   7.676767677E-01   2.902709373E-02  -4.437464161E-01   4.786657504E+00  -6.452792387E+01
   78   7.777777778E-01   2.477791514E-02  -3.986882454E-01   4.579809050E+00  -6.762185678E+01
   79   7.878787879E-01   2.097278574E-02  -3.558772907E-01   4.361186655E+00  -7.031286232E+01
   80   7.979797980E-01   1.758847492E-02  -3.154119251E-01   4.132072025E+00  -7.257867935E+01
   81   8.080808081E-01   1.460082765E-02  -2.773764399E-01   3.893821816E+00  -7.439704669E+01
   82   8.181818182E-01   1.198491048E-02  -2.418402868E-01   3.647867640E+00  -7.574570314E+01
   83   8.282828283E-01   9.715165295E-03  -2.088573213E-01   3.395716062E+00  -7.660238749E+01
   84   8.383838384E-01   7.765570659E-03  -1.784650454E-01   3.138948599E+00  -7.694483868E+01
   85   8.484848485E-01   6.109810843E-03  -1.506838504E-01   2.879221724E+00  -7.675079535E+01
   86   8.585858586E-01   4.721452469E-03  -1.255162600E-01   2.618266861E+00  -7.599799654E+01
   87   8.686868687E-01   3.574128822E-03  -1.029461732E-01   2.357890389E+00  -7.466418081E+01
   88   8.787878788E-01   2.641731798E-03  -8.293810688E-02   2.099973640E+00  -7.272708720E+01
   89   8.888888889E-01   1.898611511E-03  -6.543643901E-02   1.846472900E+00  -7.016445452E+01
   90   8.989898990E-01   1.319783535E-03  -5.036465145E-02   1.599419406E+00  -6.695402133E+01
   91   9.090909091E-01   8.811438048E-04  -3.762457284E-02   1.360919353E+00  -6.307352685E+01
   92   9.191919192E-01   5.596911548E-04  -2.709562146E-02   1.133153884E+00  -5.850070959E+01
   93   9.292929293E-01   3.337575128E-04  -1.863404817E-02   9.183791007E-01  -5.321330844E+01
   94   9.393939394E-01   1.832457372E-04  -1.207217931E-02   7.189260553E-01  -4.718906238E+01
   95   9.494949495E-01   8.987510258E-05  -7.217659534E-03   5.372007528E-01  -4.040570993E+01
   96   9.595959596E-01   3.743443345E-05  -3.852694779E-03   3.756841550E-01  -3.284099031E+01
   97   9.696969697E-01   1.204288482E-05  -1.733295107E-03   2.369321727E-01  -2.447264189E+01
   98   9.797979798E-01   2.418370691E-06  -5.885176192E-04   1.235756748E-01  -1.527840391E+01
   99   9.898989899E-01   1.536399914E-07  -1.197093492E-04   4.138160005E-02  -6.145167608E+00
  100   1.000000000E+00   0.000000000E+00   0.000000000E+00   0.000000000E+00   0.000000000E+00
